21 22 22 23 22 23 22 22 23 22 22 23 23 23 22 23 23 22 23 22 23 23 23 22 23 22 23 22 22 21 22 22 
22 22 22 22 22 23 23 22 22 23 22 22 22 23 22 23 22 23 22 22 22 23 22 23 22 22 22 24 23 23 23 21 
22 22 23 23 22 23 22 23 22 22 22 23 22 23 23 22 23 23 22 22 23 22 22 23 23 22 23 22 23 22 23 22 
23 23 23 23 23 22 23 23 22 22 23 23 22 23 22 23 22 22 23 23 22 23 22 22 23 23 23 23 22 22 22 23 
23 22 22 23 23 22 22 22 23 23 22 23 23 22 22 23 22 22 23 23 22 22 23 22 22 23 22 23 22 22 22 22 
23 22 23 23 22 23 23 23 22 23 23 23 22 22 22 22 23 23 22 23 22 22 22 22 21 23 22 23 22 22 22 22 
23 22 22 23 22 23 22 23 22 23 22 22 23 23 23 22 23 23 22 22 22 22 22 22 23 22 22 22 22 22 22 23 
23 22 22 23 23 23 23 23 23 22 23 23 23 23 23 23 23 22 22 24 22 23 23 22 23 22 23 23 21 22 23 22 
23 22 23 23 23 22 22 22 22 22 23 22 22 23 22 23 23 22 24 23 22 22 23 22 23 22 22 22 22 22 23 22 
23 23 22 22 23 23 23 22 22 23 22 23 22 22 23 22 22 23 23 22 22 22 22 22 22 22 23 23 22 22 23 22 
22 23 23 23 22 23 22 23 22 22 23 22 22 22 23 22 22 23 22 23 23 23 23 23 23 22 23 23 23 22 22 22 
23 22 23 23 23 23 23 23 23 22 23 23 23 23 22 24 23 22 22 24 22 23 23 22 22 22 23 22 23 23 22 23 
23 23 22 23 23 23 23 22 23 22 22 23 23 23 23 23 23 23 23 23 23 22 23 22 23 23 23 23 22 22 23 23 
23 23 23 23 22 22 22 23 23 22 23 23 23 23 24 24 24 24 23 23 23 22 22 23 22 23 23 23 22 23 23 22 
23 22 23 23 22 22 23 23 22 23 22 22 23 26 29 30 30 28 26 23 23 23 21 23 22 22 23 22 22 22 22 22 
23 23 23 22 23 23 23 23 23 22 23 23 25 31 32 32 32 31 30 26 23 23 24 22 23 22 23 22 22 22 22 23 
22 23 22 22 23 22 23 23 22 22 23 24 27 32 31 32 32 32 31 27 24 23 23 23 23 23 22 23 23 22 23 22 
23 22 23 22 23 23 23 23 23 23 23 24 29 32 32 31 32 32 32 29 24 23 23 23 23 23 22 22 22 22 23 23 
22 22 23 23 23 22 22 23 22 23 23 24 29 32 31 31 32 32 32 28 25 24 23 24 22 23 22 22 23 23 23 23 
22 23 22 22 22 23 22 22 23 23 24 26 30 31 31 31 31 32 32 29 25 24 23 23 22 22 23 23 23 23 23 23 
22 23 22 22 22 22 23 23 23 22 24 24 29 32 32 31 31 32 31 29 25 23 23 22 22 23 23 23 24 23 22 22 
22 23 23 22 23 24 22 23 23 23 24 25 29 32 32 32 32 32 32 28 25 24 23 23 23 23 24 22 23 23 22 23 
22 21 22 22 23 23 23 23 23 23 23 25 28 32 32 32 32 32 31 27 25 23 23 23 23 22 22 23 23 23 23 22 
24 23 23 24 27 28 28 27 27 27 29 29 27 27 28 28 28 30 30 30 27 28 26 26 28 28 26 25 24 25 23 23 
