22 22 22 22 24 23 22 22 22 22 22 23 22 22 22 23 22 22 22 22 22 22 22 22 22 22 22 22 22 22 22 21 
22 21 22 22 22 22 22 22 22 22 22 22 23 23 22 23 22 22 23 22 22 22 22 22 22 22 22 22 22 21 22 21 
22 21 23 22 22 23 22 23 22 22 22 22 22 23 23 23 22 23 22 22 23 22 21 22 22 22 22 22 22 22 22 22 
23 23 22 23 22 22 22 22 23 23 23 23 22 23 22 22 22 22 22 23 22 22 22 22 22 22 23 22 21 22 22 23 
22 22 22 23 23 23 22 22 22 23 21 22 22 23 22 22 23 22 22 22 22 22 23 22 22 22 22 22 22 21 21 22 
23 22 22 22 22 23 22 22 22 22 22 22 22 22 22 22 22 23 22 22 22 22 22 23 22 22 22 22 22 22 22 21 
22 22 23 22 22 22 22 23 22 22 22 22 22 22 22 22 22 22 22 22 22 22 22 21 22 22 23 22 22 22 23 22 
24 24 22 22 22 22 23 22 23 23 22 23 22 22 23 22 22 22 22 22 22 23 22 23 22 22 23 23 22 22 22 22 
25 24 23 23 23 23 23 22 22 22 22 23 22 22 22 22 23 22 23 22 22 22 22 22 22 22 22 22 22 22 22 22 
27 27 28 26 23 21 21 22 22 22 22 22 22 22 23 22 22 23 22 22 22 22 22 22 22 22 22 23 22 22 22 21 
31 31 31 29 27 23 22 23 23 22 22 22 22 22 23 22 22 22 22 23 22 22 22 22 22 22 22 22 22 22 23 22 
32 31 31 30 30 24 23 21 22 23 22 23 22 23 22 23 23 22 22 23 22 23 22 22 23 24 23 22 23 22 23 22 
32 31 31 31 31 28 23 22 22 22 22 23 21 22 22 23 22 22 22 22 22 22 22 23 26 28 25 24 23 22 22 22 
31 31 30 30 30 28 22 21 21 21 22 22 22 22 23 22 22 23 22 22 22 23 22 25 29 29 28 27 24 23 22 21 
30 31 30 30 30 29 23 22 22 22 23 22 22 23 22 22 22 22 22 22 22 22 22 24 29 29 29 28 24 22 24 22 
31 32 32 31 31 29 25 22 22 22 22 23 22 23 23 22 22 22 22 24 23 23 22 23 28 29 29 29 27 24 24 23 
30 31 32 31 31 30 24 23 22 23 22 22 22 22 22 22 22 22 22 23 22 22 22 23 23 28 29 30 28 25 24 22 
31 32 32 31 31 29 24 23 23 22 22 22 23 22 23 22 22 22 23 23 22 22 22 22 22 27 29 30 29 24 23 23 
30 30 30 30 30 28 24 22 23 22 23 22 22 22 22 22 22 22 22 22 22 22 23 23 22 26 27 28 29 27 24 24 
30 29 27 26 26 26 24 22 23 22 23 22 22 22 22 23 22 22 23 22 23 23 22 22 22 26 26 27 27 25 24 24 
29 29 28 26 27 28 27 24 22 22 22 22 22 22 22 23 22 22 22 23 22 22 22 23 23 26 26 26 27 25 23 23 
30 31 31 31 30 32 30 28 26 23 23 23 24 23 23 22 22 22 22 22 22 22 22 22 24 26 25 26 27 25 24 23 
31 31 31 32 31 32 31 31 29 26 26 25 25 25 26 23 23 22 22 22 22 23 23 22 26 27 26 26 28 24 24 23 
28 28 28 27 28 28 28 27 27 28 29 29 29 29 28 25 25 24 25 24 25 25 24 24 24 23 23 24 24 23 22 23 
