23 22 23 23 23 23 22 22 22 22 22 23 22 23 23 23 23 22 23 22 22 22 22 22 23 22 22 22 22 22 21 22 
22 23 22 23 23 22 22 22 22 22 23 23 22 22 23 22 23 22 24 22 21 23 22 22 22 23 22 22 22 22 23 21 
23 22 22 22 22 22 23 24 22 23 22 22 22 23 23 22 22 23 22 23 23 22 22 23 22 22 22 22 22 22 22 22 
23 22 22 22 23 23 23 22 23 22 22 22 22 22 23 22 23 23 22 23 23 22 22 22 23 23 23 23 21 22 22 23 
23 21 21 23 23 22 23 23 22 22 22 22 23 23 22 22 23 21 23 22 23 22 22 22 22 23 22 22 22 22 22 21 
22 22 22 23 22 22 22 22 22 22 23 23 22 22 23 22 23 22 22 23 21 22 22 23 22 23 22 22 23 22 23 21 
22 22 23 22 21 22 22 23 22 22 22 22 23 22 22 22 22 22 22 22 22 22 22 23 22 22 23 22 22 22 23 22 
23 22 22 23 23 22 22 22 23 22 21 23 22 22 23 23 22 22 22 23 22 22 22 23 22 22 23 22 22 22 22 22 
22 22 22 23 23 22 23 22 23 23 22 23 22 22 22 23 22 22 22 22 22 22 22 22 22 22 22 22 22 22 22 22 
22 23 22 23 22 22 22 23 24 25 27 28 26 23 22 23 23 22 23 22 22 23 21 22 21 22 22 22 22 22 22 21 
22 23 23 23 22 23 23 25 27 32 32 32 32 29 24 23 23 23 23 22 23 22 22 23 22 22 22 22 22 22 22 23 
22 23 22 23 23 23 24 25 31 32 31 32 31 31 26 23 22 22 22 23 22 22 22 23 22 22 22 22 22 22 23 22 
23 22 22 23 23 23 24 27 32 31 32 32 32 32 28 24 22 22 23 22 23 22 23 22 23 23 22 23 23 22 22 22 
22 22 22 23 22 23 24 29 32 30 32 31 32 31 28 24 23 22 23 22 21 23 22 23 22 23 22 22 22 22 23 22 
23 23 23 23 22 24 24 32 32 31 31 30 31 32 28 23 22 23 22 22 23 22 22 23 22 22 22 22 22 22 22 22 
23 22 22 23 22 23 26 31 31 32 31 31 31 31 28 24 22 22 22 23 22 22 23 22 23 22 22 22 22 22 22 22 
22 22 22 22 24 24 25 30 31 32 31 31 31 31 27 23 22 22 23 23 23 22 22 22 22 23 22 23 23 22 22 22 
22 23 23 22 23 24 24 28 31 32 32 32 32 31 26 22 22 22 23 22 22 22 22 23 22 22 22 22 23 22 23 22 
22 22 22 22 23 23 24 29 32 31 31 31 31 28 23 22 22 22 22 22 22 23 23 23 22 23 22 22 23 22 23 23 
23 23 22 22 23 23 24 28 32 28 28 28 28 25 22 23 22 23 22 22 23 23 22 22 22 22 23 22 22 23 22 23 
23 23 22 22 23 24 26 30 32 31 28 27 29 24 23 23 23 22 23 23 23 23 22 23 23 23 22 23 23 23 22 22 
23 25 26 24 27 29 30 32 32 32 32 31 30 23 22 22 23 23 22 23 23 22 23 22 23 23 23 22 23 23 23 23 
26 25 25 27 30 30 30 32 32 32 33 32 32 27 24 22 22 22 22 22 22 22 23 23 22 22 22 22 23 23 22 22 
28 28 28 29 28 27 28 27 28 27 28 29 30 30 30 27 26 25 27 25 23 23 22 22 22 23 22 23 23 24 22 22 
