22 22 22 23 23 23 22 22 22 22 22 22 23 23 23 23 23 22 23 22 22 22 22 22 22 23 21 23 22 21 22 22 
22 22 22 23 22 22 22 22 22 22 22 22 22 22 23 22 23 22 23 22 22 22 22 22 21 23 22 22 22 22 22 22 
22 23 22 22 21 23 22 23 22 22 22 23 22 23 23 23 22 22 23 22 22 22 22 22 22 22 22 22 21 21 23 22 
23 23 23 24 22 22 23 22 23 22 23 23 22 23 22 23 24 22 22 23 23 22 22 23 22 22 23 23 22 22 23 23 
23 22 22 22 23 22 22 22 23 23 22 23 22 23 23 23 22 22 23 22 22 22 22 22 21 23 22 22 22 22 22 22 
22 22 22 23 22 23 23 23 23 22 23 22 22 23 23 22 23 23 22 23 22 22 22 22 22 23 23 22 22 22 22 21 
23 22 23 23 22 24 23 24 24 24 24 24 22 22 23 22 23 22 22 22 22 22 22 22 23 22 22 22 22 22 23 22 
22 23 22 23 24 23 25 26 29 30 30 29 26 23 22 23 23 22 22 23 23 22 23 23 22 22 23 22 23 22 23 22 
22 23 22 23 24 24 26 30 32 32 31 32 30 27 23 23 22 22 22 22 22 22 22 22 22 22 22 23 22 21 23 23 
22 22 22 23 24 25 29 32 31 32 32 32 32 30 24 22 23 22 22 23 22 22 22 22 22 22 22 22 23 23 22 21 
22 23 23 23 23 26 31 32 31 31 32 31 30 32 27 22 23 22 23 23 23 22 22 22 22 22 22 22 22 22 22 23 
23 23 23 24 24 27 32 31 32 32 32 32 32 32 28 24 23 23 22 23 22 22 23 23 23 23 23 22 22 22 23 22 
22 22 23 23 25 29 32 31 32 31 30 32 32 32 28 23 22 22 23 23 22 22 22 23 22 22 23 22 21 22 22 22 
23 22 22 23 25 29 31 31 31 30 30 32 32 32 29 23 22 23 22 23 23 22 23 23 22 23 22 22 22 23 22 21 
22 23 22 24 25 31 31 32 31 30 30 31 31 31 29 23 22 22 23 22 23 22 22 22 22 22 22 22 22 22 22 22 
23 24 23 24 25 30 31 31 31 31 31 32 31 31 29 24 23 22 23 23 23 23 22 23 23 22 22 22 23 22 22 22 
22 23 24 23 24 28 32 31 31 30 32 31 31 31 26 23 22 22 23 23 22 23 23 22 23 22 23 23 23 22 23 22 
23 23 23 23 23 25 30 31 32 32 32 32 32 30 25 22 23 22 23 23 22 22 23 24 23 24 22 22 22 22 22 22 
22 22 23 23 24 25 30 32 32 32 32 31 31 29 24 22 23 22 22 21 22 22 22 22 22 22 22 22 22 22 22 23 
24 23 23 22 23 24 29 31 30 30 30 31 29 26 23 23 22 22 23 22 23 24 22 23 22 23 23 22 23 22 21 22 
23 22 22 23 24 26 29 30 27 27 27 27 28 26 23 22 23 22 22 23 22 22 22 22 22 23 23 22 23 22 22 22 
22 23 23 25 28 30 31 31 31 28 27 28 31 29 25 23 22 23 22 23 22 23 22 23 23 23 22 23 23 22 22 23 
26 25 25 27 30 30 31 31 31 31 31 31 32 32 30 25 23 22 22 22 22 22 22 22 22 22 22 22 22 22 23 23 
29 27 27 28 28 28 29 28 28 28 29 28 29 29 30 30 28 28 28 27 26 26 26 27 26 24 22 23 22 22 22 22 
