23 22 22 23 23 22 23 22 22 22 22 23 22 22 22 23 22 22 23 23 23 22 23 22 22 22 22 22 21 22 20 22 
23 22 22 23 22 22 22 22 23 23 22 24 23 23 22 23 22 23 23 22 22 22 22 22 22 23 22 22 22 23 22 22 
24 23 23 22 22 22 22 23 22 23 23 22 22 23 22 22 22 22 22 23 23 22 22 22 22 22 22 22 22 21 22 22 
26 24 23 24 23 22 23 23 22 23 23 23 22 22 23 23 22 22 22 22 22 22 23 23 22 22 22 22 21 22 21 22 
28 27 26 23 23 22 23 22 22 22 22 22 22 22 23 22 23 21 23 23 23 22 22 22 23 22 22 22 22 23 22 22 
30 29 27 23 22 22 21 22 22 22 23 23 22 22 23 22 23 23 22 22 21 22 22 22 22 22 22 23 22 22 22 22 
29 28 27 24 21 23 22 22 22 22 23 22 22 22 23 22 23 22 23 22 22 22 22 22 23 22 22 22 22 22 21 22 
30 28 27 24 23 22 23 22 23 23 22 23 22 22 23 23 22 22 22 23 22 22 23 23 22 22 22 22 22 22 22 22 
28 28 26 23 23 22 23 22 22 22 22 23 22 22 22 23 22 23 23 22 22 22 23 22 22 23 22 22 22 22 22 22 
28 27 23 23 23 22 22 22 23 22 22 22 23 22 22 22 23 23 23 22 22 22 22 22 22 22 22 23 22 22 22 22 
27 27 24 23 23 23 22 23 22 22 23 22 22 23 22 22 23 23 22 22 22 22 22 23 22 22 23 22 22 22 22 22 
30 29 25 24 23 23 23 23 22 23 22 23 22 22 22 22 22 22 22 22 22 22 23 23 23 22 22 23 22 22 23 23 
30 31 28 26 24 24 22 23 22 22 22 22 22 23 22 23 22 22 23 22 22 22 23 22 23 23 22 23 22 22 22 22 
29 28 28 27 26 26 25 22 22 23 23 23 22 23 22 22 22 22 22 22 22 22 22 23 22 22 22 22 22 22 22 22 
28 28 28 28 26 27 26 24 23 22 22 22 23 23 22 22 23 22 23 22 22 22 22 22 22 22 22 22 21 23 21 23 
29 29 28 28 28 27 27 25 23 22 22 23 22 22 22 22 22 22 22 23 22 22 23 22 23 23 22 23 22 22 22 22 
29 29 28 27 27 27 28 26 22 22 22 22 22 22 22 23 23 22 22 23 23 22 22 22 22 22 22 23 23 22 23 23 
28 28 27 26 26 27 28 26 24 23 23 22 23 22 22 22 22 23 23 23 22 22 22 23 22 23 23 22 23 22 22 22 
28 28 27 26 26 27 27 26 23 22 23 22 22 22 23 22 22 22 22 22 23 23 23 23 23 23 22 22 23 23 22 22 
28 29 27 25 26 27 28 25 23 22 23 22 22 23 22 22 22 23 22 23 23 22 22 21 22 23 23 22 23 22 22 22 
29 28 27 25 25 27 27 26 23 23 23 23 23 22 23 23 23 22 23 22 23 23 22 23 23 23 23 23 24 23 23 22 
28 28 27 25 25 28 27 25 24 23 23 22 23 22 22 22 23 23 23 22 22 22 22 23 22 23 22 22 23 22 23 22 
29 28 27 25 26 27 27 26 24 23 23 22 22 22 23 22 23 22 22 22 22 22 23 22 22 22 22 22 23 23 22 22 
29 29 27 26 25 26 27 26 26 24 24 23 22 22 22 22 22 23 22 22 23 23 22 22 22 23 23 25 25 24 22 23 
