22 22 22 22 23 22 23 21 22 21 22 22 22 22 23 24 22 22 23 22 22 22 22 22 22 22 22 22 22 22 22 21 
22 22 22 22 22 22 23 22 22 23 22 22 23 22 23 22 23 22 23 22 21 21 22 22 22 22 21 22 22 21 22 21 
23 22 22 22 21 22 23 24 22 22 22 22 22 22 22 23 23 23 22 23 22 22 22 23 22 22 23 22 22 22 22 23 
22 22 22 23 22 22 24 22 23 22 22 23 22 22 23 22 22 22 22 23 22 23 22 23 23 22 22 22 21 21 23 22 
22 22 22 23 22 22 22 22 23 22 22 22 23 22 22 22 22 22 22 22 22 22 22 22 22 23 22 22 22 22 22 21 
22 22 22 22 22 22 22 21 23 22 22 22 22 23 22 22 23 22 22 22 21 23 22 22 22 22 22 22 22 22 23 21 
23 22 22 22 22 23 22 23 22 23 23 23 22 22 22 22 23 22 22 23 22 21 22 23 22 22 23 23 22 21 23 23 
22 23 22 22 22 22 22 23 23 22 23 23 23 22 23 23 22 22 22 22 22 22 22 23 22 22 23 23 22 22 23 22 
22 23 22 22 23 22 22 22 23 22 22 22 22 23 22 24 22 22 23 22 22 21 22 22 22 22 22 23 22 22 23 22 
22 23 22 23 22 22 22 23 23 22 23 22 23 23 22 22 23 23 23 22 22 22 22 23 22 22 22 22 22 22 23 21 
23 22 23 22 22 23 23 23 22 22 23 22 22 22 22 22 22 23 23 23 22 22 22 23 23 23 22 23 22 22 22 22 
23 23 23 22 22 22 23 22 22 23 23 23 22 23 23 22 22 22 22 23 22 23 26 28 28 26 23 23 23 22 22 22 
22 22 22 23 23 22 22 22 22 22 23 22 22 22 22 23 22 22 23 23 23 26 31 32 32 31 27 24 23 23 23 22 
22 22 22 22 23 22 22 22 22 23 23 23 22 22 22 23 23 22 23 23 24 30 31 31 31 31 31 25 24 23 23 21 
22 22 23 22 21 22 22 24 22 22 23 23 22 23 22 23 22 23 22 23 27 31 30 32 31 32 31 26 24 23 23 23 
22 22 22 22 22 22 22 22 23 23 23 22 22 22 23 22 22 22 22 25 28 31 31 31 30 32 31 28 25 23 23 23 
23 22 22 23 22 22 22 22 22 22 23 23 22 23 22 23 23 23 22 26 30 31 31 31 30 32 31 28 24 23 23 23 
22 23 23 22 23 22 22 22 23 23 22 22 23 23 22 22 22 23 23 26 30 31 32 32 31 31 31 28 24 23 23 22 
22 22 22 22 23 22 22 22 23 22 23 22 22 22 22 22 22 23 22 24 29 30 32 32 31 31 30 26 24 23 23 23 
23 23 22 22 22 24 23 23 24 22 23 23 22 23 23 23 22 23 23 23 29 32 31 31 32 32 31 26 24 23 22 23 
22 23 22 23 22 22 23 22 22 23 23 22 23 22 23 23 23 22 23 24 29 31 29 29 30 30 27 24 24 24 23 23 
22 23 22 22 22 23 22 23 23 23 23 23 24 24 22 23 23 24 23 25 30 32 30 27 27 27 24 23 24 23 22 22 
22 22 22 22 22 23 22 23 23 22 24 25 26 26 25 25 27 28 28 30 31 31 32 31 30 28 23 22 24 22 22 23 
24 24 24 24 24 27 27 26 27 26 26 27 27 30 30 30 28 29 29 28 28 29 28 30 30 31 30 28 27 27 25 24 
