22 21 22 22 23 22 22 22 22 22 22 22 22 23 22 23 22 22 22 22 22 22 22 22 23 22 21 22 21 22 21 22 
22 22 22 22 22 22 22 22 22 22 22 23 22 22 22 22 22 23 22 22 22 22 22 22 20 23 21 22 22 22 21 21 
22 22 23 22 22 22 22 23 22 23 22 22 22 22 23 22 22 23 23 22 23 23 22 22 22 23 23 22 22 22 23 22 
22 22 23 23 22 22 23 22 22 22 22 23 22 22 23 23 23 22 22 22 23 23 23 23 22 22 22 23 21 21 22 23 
23 21 22 22 23 22 22 22 22 23 22 22 22 22 22 22 23 22 22 22 22 22 22 22 22 22 22 23 22 22 22 22 
22 22 22 22 21 22 22 22 22 22 22 22 22 22 22 22 23 23 23 22 20 22 22 23 21 23 22 22 22 22 22 22 
22 23 22 22 22 24 23 24 23 23 22 22 22 22 22 21 22 22 22 22 22 22 22 22 22 22 22 23 22 22 22 23 
22 22 22 23 23 23 25 24 24 24 24 23 22 22 22 22 22 23 22 22 22 22 23 22 22 22 22 23 22 22 22 22 
22 22 22 23 24 25 26 28 31 30 28 25 22 23 22 23 22 22 22 22 22 22 22 22 22 22 22 22 22 22 23 22 
22 23 22 24 24 26 30 32 32 31 32 31 26 23 22 22 22 23 23 23 22 22 22 22 22 23 22 22 22 23 23 22 
23 24 23 24 26 30 31 32 32 33 31 31 29 23 23 22 22 22 22 22 23 22 22 23 22 23 22 23 23 22 23 23 
23 22 24 25 27 31 32 31 32 32 32 32 30 24 22 22 22 23 22 23 22 22 22 22 22 22 24 26 25 25 23 24 
23 23 24 26 29 32 31 31 32 32 32 31 30 24 22 22 22 22 22 23 22 22 21 22 22 22 24 26 27 26 24 24 
23 23 24 27 30 32 31 30 31 30 32 32 30 25 23 22 22 23 22 22 22 22 22 22 22 22 23 28 28 29 25 25 
23 24 25 28 30 31 30 32 30 30 32 31 30 23 23 22 23 22 22 22 23 22 22 22 22 23 22 27 29 29 27 27 
23 24 25 28 31 31 31 31 30 30 32 31 28 23 23 22 23 22 22 23 23 22 23 22 22 24 25 25 29 28 29 28 
23 23 24 26 30 32 31 31 30 31 31 30 25 23 22 22 23 22 23 22 22 23 22 22 23 23 27 28 30 30 29 29 
23 24 24 25 31 32 32 31 32 31 31 28 25 22 22 22 22 22 23 23 22 22 22 23 22 23 24 28 29 29 29 27 
23 23 24 27 31 31 31 32 32 32 31 26 23 23 22 22 23 23 22 22 22 22 22 22 22 22 23 25 28 28 30 28 
23 24 24 26 29 28 29 30 30 31 29 24 23 22 22 23 22 23 23 22 23 23 22 23 22 22 23 22 24 29 29 28 
22 25 27 29 31 30 27 27 27 28 27 23 22 23 22 23 22 22 22 23 22 23 22 22 22 23 22 23 26 28 30 29 
26 28 30 30 30 31 28 27 28 30 30 27 23 22 22 22 21 23 23 23 22 22 23 22 22 23 23 22 25 25 26 27 
28 28 30 30 31 31 32 31 31 31 32 30 26 24 25 24 24 24 22 22 22 22 22 22 22 23 22 22 26 26 26 25 
28 27 27 28 27 27 28 27 27 28 29 29 28 30 29 29 28 26 25 24 26 28 26 27 27 26 27 27 25 24 23 23 
