22 22 22 23 23 23 22 22 23 22 21 23 22 23 22 23 23 23 23 22 22 21 23 22 22 23 22 21 22 22 22 21 
22 22 22 22 22 23 22 22 23 22 22 22 22 23 23 23 23 23 23 22 23 22 23 22 22 23 22 23 22 23 22 21 
22 23 23 22 23 22 22 23 23 22 23 22 22 23 23 22 23 22 22 22 23 22 22 22 23 22 22 22 21 22 22 22 
23 22 22 23 23 23 23 22 23 23 22 23 22 23 23 23 23 23 22 22 22 23 22 23 23 23 23 23 22 22 23 23 
23 22 22 23 22 22 23 23 22 22 22 22 22 22 22 23 22 22 22 23 22 22 22 22 23 22 22 23 22 22 22 21 
23 22 23 22 22 22 22 22 23 22 22 23 22 22 23 22 22 23 23 22 22 23 22 22 22 22 22 23 22 23 22 22 
23 22 22 23 22 23 22 23 22 22 22 23 22 23 22 22 22 22 23 22 22 22 22 22 22 23 22 22 22 22 22 22 
23 22 22 23 22 22 23 23 24 22 23 24 22 23 22 23 22 23 22 22 22 22 23 22 22 22 22 22 21 22 22 22 
22 22 22 22 22 22 23 22 23 22 22 23 22 22 22 22 22 23 22 23 22 22 23 22 22 22 22 22 23 21 22 22 
23 23 22 22 22 22 23 22 23 22 22 22 22 22 22 22 23 23 23 22 22 22 23 23 22 23 23 23 22 22 22 21 
22 23 22 23 22 22 22 23 23 22 23 22 22 23 22 22 22 23 23 22 22 22 22 23 22 22 22 22 23 22 23 22 
22 23 23 23 22 23 23 22 22 23 22 23 22 23 22 23 23 22 22 22 22 23 22 22 22 22 22 22 22 21 22 23 
22 23 22 22 23 23 22 23 22 22 22 22 22 22 22 22 22 22 23 23 23 22 22 22 23 22 22 23 22 22 22 22 
23 22 22 22 22 22 23 22 22 23 22 22 22 22 22 22 22 23 23 22 23 22 22 22 22 22 22 23 22 22 23 21 
23 22 22 23 22 22 22 23 22 22 23 22 22 23 22 22 23 23 23 22 23 22 23 23 22 22 22 23 22 22 23 23 
23 23 22 23 22 22 22 22 23 22 23 23 22 23 22 22 22 24 25 25 24 22 23 22 23 22 22 22 22 22 22 22 
23 22 22 22 22 22 23 23 22 22 23 22 22 23 22 23 23 27 30 30 27 22 23 23 23 22 22 23 23 23 23 22 
21 23 23 23 22 23 23 22 22 23 23 22 23 22 22 22 24 29 31 32 29 24 23 23 23 23 22 23 23 23 23 22 
22 22 21 22 23 22 22 23 23 22 23 22 22 23 22 22 25 30 31 31 29 23 24 23 23 22 23 23 23 23 23 22 
22 23 22 22 22 22 23 22 23 22 22 23 22 23 22 23 24 28 31 31 28 24 22 22 22 22 22 22 23 23 22 22 
23 22 22 22 22 22 22 23 22 22 22 23 22 22 22 23 24 26 31 30 27 24 23 23 22 22 22 22 23 23 23 23 
22 22 23 22 22 23 23 23 23 23 22 22 23 23 22 22 24 28 30 31 30 26 24 23 23 22 23 22 22 23 23 23 
23 22 21 22 22 23 23 23 23 23 23 23 22 22 22 24 25 30 31 31 30 28 26 24 23 23 23 22 22 23 22 23 
22 22 21 22 21 23 23 22 22 22 23 23 22 26 26 27 28 28 28 28 28 29 26 26 26 25 25 24 24 24 24 22 
