23 22 22 23 23 22 22 22 22 22 22 23 22 23 22 23 23 22 23 22 22 22 23 22 23 23 22 22 22 22 22 22 
22 22 22 22 22 22 22 23 22 22 22 23 22 23 22 22 23 23 23 23 22 23 22 22 22 23 21 22 23 23 22 21 
22 22 23 22 22 23 23 22 23 22 22 22 22 23 23 22 22 22 23 22 23 22 22 23 23 22 22 22 21 22 23 23 
23 22 23 22 23 23 23 23 23 23 23 23 22 23 22 22 23 22 23 22 22 22 23 22 23 23 22 23 22 22 22 23 
22 22 23 22 22 22 22 22 21 22 22 22 22 22 22 23 22 22 23 23 22 22 22 22 22 22 22 22 23 22 21 22 
22 23 22 23 22 22 22 22 23 22 22 23 22 22 22 22 22 23 23 22 22 22 22 22 22 22 22 22 22 22 23 23 
22 24 22 22 23 23 21 24 23 23 22 22 23 22 22 22 22 22 23 23 23 22 22 22 22 22 22 23 22 22 22 22 
23 22 22 23 22 23 23 22 22 22 23 22 23 23 23 23 22 22 22 23 22 22 23 22 22 21 22 22 22 22 23 22 
22 23 23 23 22 22 23 23 22 22 22 22 22 23 22 23 22 22 23 22 22 22 23 23 22 23 22 23 22 22 22 22 
23 23 22 23 22 22 22 22 22 23 23 23 23 23 23 23 23 23 23 22 22 23 22 23 22 23 22 22 22 22 22 21 
22 22 22 23 22 23 23 23 22 23 23 23 23 23 24 25 25 24 23 22 22 22 22 23 22 23 23 22 22 22 23 22 
23 23 22 22 23 23 22 22 22 22 22 23 23 24 26 28 28 26 23 23 22 22 23 23 22 23 23 22 22 23 22 22 
22 22 22 22 22 22 22 22 22 22 22 22 22 25 28 30 29 29 24 22 22 22 23 22 23 22 23 22 22 22 22 22 
22 23 22 22 23 22 22 22 22 23 23 23 22 26 29 31 31 31 26 23 22 22 23 22 23 23 22 23 22 23 22 21 
23 22 22 23 22 23 22 23 22 23 22 22 23 26 30 31 31 30 26 23 24 22 22 23 23 22 22 22 22 22 23 22 
22 22 22 22 22 23 22 22 22 22 23 23 22 26 30 31 31 29 24 23 22 23 22 22 23 23 23 23 22 22 22 23 
22 23 22 22 22 23 23 23 22 22 23 23 22 26 29 30 30 27 25 23 23 23 22 22 22 23 22 22 23 22 23 23 
22 22 23 22 22 22 22 22 23 23 23 24 25 27 29 29 29 27 24 23 23 22 23 23 23 23 23 22 23 22 22 22 
22 22 22 22 22 22 23 24 23 24 24 25 26 28 29 30 31 29 24 23 22 23 23 23 23 23 23 22 23 23 23 22 
22 22 22 22 22 22 23 24 24 25 26 26 27 27 29 30 29 29 26 23 24 23 22 22 22 22 23 23 22 22 22 23 
22 22 22 22 22 23 23 24 24 24 27 26 26 27 28 30 30 29 28 25 24 23 23 22 22 22 22 22 22 22 22 23 
21 23 23 21 23 23 23 24 24 25 27 27 28 27 28 29 30 30 28 27 26 24 23 23 23 22 23 22 23 22 22 23 
22 22 22 23 23 24 23 24 24 26 27 28 27 28 29 28 29 28 26 26 27 25 23 22 22 23 23 23 23 22 23 23 
22 22 22 22 22 23 25 24 26 26 28 27 27 27 28 28 25 26 26 26 26 25 24 22 23 22 22 22 22 23 20 22 
