22 22 22 22 24 22 22 22 22 22 22 22 22 22 22 23 22 22 23 23 23 21 23 22 21 22 22 23 22 23 22 22 
23 23 22 22 23 22 22 22 22 22 22 22 22 23 22 22 23 23 22 23 22 23 22 22 22 22 22 22 22 22 22 21 
22 22 23 22 23 23 22 24 23 22 23 22 22 23 23 22 22 22 22 23 22 22 22 23 22 22 22 22 21 22 22 22 
23 23 22 22 23 22 22 23 22 22 22 23 22 22 22 22 23 23 22 22 22 22 23 22 22 22 23 22 22 21 22 22 
22 22 22 22 22 23 22 22 22 22 22 22 23 22 22 22 23 22 22 22 22 22 22 22 22 22 22 23 21 21 22 22 
22 22 22 23 22 22 22 22 22 22 22 23 22 22 23 22 22 23 22 22 22 22 22 22 22 22 22 22 22 23 22 21 
22 22 22 22 22 23 22 22 22 22 23 22 22 22 22 21 21 22 22 22 22 22 22 22 22 22 22 22 22 22 22 22 
23 22 22 22 22 22 22 22 22 22 22 23 22 23 22 22 22 22 22 22 22 22 22 22 22 22 22 22 22 22 22 22 
22 22 22 22 23 23 22 22 22 22 22 22 22 22 22 23 22 22 22 22 22 22 22 22 22 22 22 22 22 22 22 22 
22 22 23 23 22 22 22 22 22 22 23 23 22 22 23 23 23 23 22 22 22 22 22 23 22 22 22 23 22 22 22 22 
22 22 22 22 22 23 22 23 23 23 23 23 22 23 24 23 23 23 22 22 23 21 22 22 23 23 22 23 22 22 22 22 
22 23 23 22 23 22 22 22 22 22 23 22 23 24 25 25 25 24 23 23 22 22 23 22 22 22 23 22 22 22 22 22 
22 23 22 22 22 22 22 22 22 22 22 22 22 24 24 26 26 27 28 26 23 22 22 22 23 22 22 23 22 22 22 22 
23 22 22 22 23 22 23 23 22 22 22 23 23 25 25 27 27 30 29 28 25 24 22 22 22 22 22 22 22 22 22 21 
22 22 22 22 22 23 21 23 22 22 22 22 23 24 24 26 28 30 29 28 27 24 23 23 22 22 22 22 22 22 23 22 
22 22 22 23 22 22 23 22 22 22 22 22 22 23 25 27 28 30 28 29 26 24 22 23 23 22 22 22 22 22 22 22 
22 22 22 22 22 23 23 22 22 22 22 23 23 24 24 25 27 28 28 29 27 24 23 22 23 23 22 22 23 23 23 23 
22 22 22 22 23 23 23 23 23 22 23 22 23 23 24 24 26 28 28 28 26 22 22 23 23 23 23 22 23 22 23 22 
22 22 22 22 23 22 22 22 23 22 23 22 23 24 25 26 27 28 29 27 26 23 22 23 22 22 23 22 23 23 22 23 
22 22 22 22 22 22 23 22 22 23 23 24 24 25 25 26 28 30 31 29 28 26 22 22 22 22 23 22 22 23 22 22 
22 22 22 22 22 23 24 22 23 23 24 25 26 27 27 28 28 28 29 30 29 27 25 23 23 23 22 23 24 23 23 23 
22 23 22 22 23 23 22 23 24 24 24 24 26 27 27 27 28 29 28 28 28 27 26 25 24 23 22 22 22 22 23 23 
22 21 22 23 22 22 22 23 24 23 26 25 26 27 27 28 28 28 28 28 28 28 26 25 25 23 23 22 23 23 23 23 
22 22 21 22 21 23 24 24 24 25 26 26 27 27 27 27 28 27 28 26 27 27 24 24 24 24 23 23 23 25 22 23 
