23 22 22 22 23 23 23 23 22 22 23 22 23 23 22 23 23 22 23 23 23 21 23 22 22 23 22 23 22 22 22 22 
23 23 23 22 22 22 22 22 22 22 23 23 23 23 22 23 23 22 22 22 22 22 22 22 21 22 22 22 22 22 22 21 
22 22 22 22 22 22 22 23 22 23 23 22 21 23 22 22 23 22 22 22 23 22 21 22 22 21 23 22 22 22 22 23 
22 22 23 23 24 22 23 22 23 22 23 23 22 22 23 23 22 23 22 23 22 22 23 23 22 22 23 23 22 22 22 22 
23 22 21 23 23 23 22 23 22 22 23 23 22 23 22 23 23 22 23 23 22 22 22 23 22 23 22 23 22 21 22 21 
23 23 22 22 23 23 22 22 23 22 23 23 22 23 23 23 22 23 22 22 22 22 22 22 21 22 22 22 22 23 22 22 
22 22 22 22 22 23 22 23 22 22 22 22 22 23 23 22 23 22 22 22 22 21 22 22 23 22 23 22 22 22 21 23 
23 22 22 23 23 23 23 22 23 22 22 23 22 22 23 23 23 22 23 23 22 22 23 22 22 23 23 23 23 22 22 22 
23 23 22 22 23 22 22 22 22 22 22 23 22 23 23 23 23 23 23 22 23 23 23 23 23 22 22 22 22 22 22 22 
23 23 22 22 23 22 23 22 22 22 23 23 22 23 22 23 23 23 22 22 22 22 23 23 22 23 22 23 23 23 23 20 
22 22 22 22 22 23 22 24 22 23 22 22 22 23 23 22 23 23 22 22 22 22 22 23 22 22 23 22 22 22 22 23 
23 23 23 22 23 23 23 22 23 22 23 23 23 22 23 24 23 23 23 23 22 23 23 23 23 22 22 23 22 22 22 23 
23 23 22 24 23 23 22 22 22 22 23 22 22 22 22 24 22 22 23 23 22 22 22 23 22 23 23 23 22 22 22 22 
22 22 23 23 22 23 22 22 22 23 23 23 23 23 24 25 26 24 23 23 23 22 22 23 22 22 22 23 23 21 23 22 
22 23 23 23 22 23 22 23 22 22 22 22 23 27 30 30 31 30 27 23 23 22 23 22 22 22 23 22 22 22 22 23 
23 22 22 23 22 22 23 23 23 22 22 23 26 30 32 32 32 33 31 27 23 23 23 23 23 23 22 22 22 22 22 22 
22 23 23 22 23 22 22 22 22 22 23 23 28 32 32 32 32 33 32 28 24 23 23 22 23 23 22 23 23 23 23 23 
22 22 23 22 23 23 23 22 24 23 23 24 29 32 31 32 32 32 32 30 24 23 23 24 23 23 22 23 23 22 23 23 
23 22 22 23 23 23 23 22 24 25 25 24 30 31 31 31 31 32 31 30 26 24 24 25 24 23 23 23 23 23 22 22 
23 23 22 22 22 24 23 23 25 26 26 26 29 32 32 32 31 32 31 29 26 25 25 26 24 24 23 22 23 23 22 23 
22 23 22 22 23 23 23 26 26 25 25 25 29 31 32 32 31 32 32 30 26 25 24 26 25 24 23 23 24 24 23 22 
22 23 23 22 24 23 24 27 28 25 25 25 29 32 32 32 32 32 32 28 25 25 24 25 25 25 24 23 23 22 24 22 
22 22 22 23 24 23 25 27 26 25 24 25 28 32 32 32 32 32 32 28 26 24 24 25 25 25 24 23 23 22 22 23 
26 25 25 26 27 29 28 26 27 29 29 29 28 27 28 29 29 30 29 29 29 28 27 26 28 29 28 27 25 25 24 24 
