22 23 22 23 23 22 22 22 23 22 22 23 23 22 23 23 23 22 23 24 23 22 23 23 22 22 22 22 22 22 21 22 
23 22 23 22 23 23 22 22 22 22 22 23 22 23 22 23 23 23 23 22 22 22 22 23 22 23 22 23 22 23 22 21 
22 22 23 23 23 24 22 23 23 23 23 22 23 23 22 23 22 23 23 22 23 22 23 23 23 22 22 22 21 22 22 22 
23 23 23 23 23 23 23 22 22 23 23 24 23 23 23 23 22 22 22 23 23 23 23 23 23 22 23 22 21 22 22 23 
23 22 22 23 23 23 22 23 23 22 21 22 22 22 22 24 23 22 24 24 24 23 23 22 23 23 23 22 22 22 22 22 
22 22 22 22 22 23 22 22 23 23 22 22 22 22 22 23 24 25 24 25 24 24 23 22 21 23 22 22 23 23 22 21 
23 23 24 23 22 23 22 23 22 23 23 22 22 22 22 22 24 28 31 31 30 24 23 23 22 22 23 22 22 22 21 23 
22 22 22 23 23 23 23 22 22 22 23 23 23 22 23 22 27 31 32 32 31 28 24 23 22 22 22 22 22 23 22 22 
23 23 23 22 24 22 22 23 23 22 22 22 22 23 23 24 28 31 32 32 32 29 25 22 22 23 22 23 22 22 22 22 
22 23 22 23 22 22 23 22 22 22 23 23 23 23 23 24 28 31 31 32 31 29 25 23 22 23 22 22 23 23 22 22 
22 22 23 23 22 22 22 23 23 22 22 22 22 22 22 24 29 31 32 32 32 30 25 23 23 22 23 23 22 22 22 23 
23 22 22 23 23 23 23 23 22 22 23 23 22 23 23 23 26 30 31 32 31 28 24 23 23 23 23 23 22 22 23 23 
22 22 23 23 23 23 23 22 22 22 22 23 22 23 22 23 26 29 30 30 29 25 23 22 22 23 22 23 22 22 22 22 
23 22 22 22 22 22 22 22 22 22 23 22 22 23 22 24 26 30 30 28 27 25 23 23 22 24 22 23 22 23 23 22 
22 23 22 22 22 23 22 23 22 22 23 22 23 23 25 26 29 32 32 32 32 27 22 23 23 22 23 22 22 22 22 23 
23 22 22 23 24 23 23 22 23 23 23 25 25 25 28 28 29 31 32 33 32 31 26 24 22 23 23 23 22 22 22 22 
23 23 22 23 23 22 22 23 22 23 24 26 26 27 27 28 28 28 29 30 30 31 28 26 24 23 22 23 23 23 23 23 
22 23 23 22 22 23 22 22 24 24 26 27 26 27 28 28 28 28 28 29 30 28 28 27 26 26 23 22 23 23 23 22 
22 23 23 23 24 23 23 23 23 25 28 27 27 27 29 29 28 27 27 28 30 30 28 27 27 27 24 22 23 23 23 23 
23 24 23 22 22 22 23 22 24 26 28 28 28 27 30 29 28 28 28 28 29 30 29 27 26 27 26 23 23 24 22 22 
23 23 22 22 22 22 23 23 23 26 28 27 26 28 29 29 28 27 28 28 29 29 30 28 26 27 26 24 24 23 22 22 
22 22 22 22 23 23 23 23 25 27 27 27 27 28 29 28 27 29 28 28 28 30 29 26 26 27 26 24 23 23 23 22 
22 22 23 23 23 23 23 23 25 27 28 27 27 28 29 28 28 28 27 28 29 29 28 26 26 27 27 23 24 23 22 23 
24 22 22 22 22 23 27 27 28 28 26 30 30 29 28 28 27 28 28 28 29 30 27 26 26 28 28 26 25 26 24 24 
