22 23 22 23 23 23 22 22 22 22 22 23 23 23 22 23 22 22 23 22 23 22 23 22 23 22 23 23 22 22 23 22 
22 24 22 23 23 22 23 22 22 23 23 23 23 23 23 23 23 22 23 23 23 22 23 22 22 22 22 22 22 22 22 21 
22 23 23 22 22 23 22 24 23 23 22 22 23 23 22 22 23 23 23 23 23 22 22 23 23 22 22 22 22 22 22 22 
24 23 22 23 23 23 24 23 23 22 23 23 22 23 22 24 23 23 23 23 22 24 23 23 23 22 22 23 22 22 23 23 
22 22 22 23 23 22 23 23 23 22 22 23 23 23 22 23 22 22 23 22 23 22 23 22 22 23 22 23 23 22 22 23 
23 22 22 23 22 22 23 22 22 22 23 23 22 23 22 22 22 23 23 23 22 22 22 23 22 22 22 23 23 23 23 22 
22 22 23 22 22 23 22 22 22 22 23 22 22 22 23 23 22 22 22 22 23 22 23 23 22 22 22 22 22 22 22 23 
23 23 23 23 22 23 23 23 23 22 23 23 22 22 23 24 23 22 23 23 23 22 22 23 23 22 22 22 22 22 23 23 
23 22 22 23 23 22 22 22 23 23 22 23 22 23 22 23 23 22 24 23 22 22 23 23 22 23 23 23 22 22 23 22 
23 22 22 23 22 22 22 23 23 23 23 23 23 23 22 22 23 23 23 23 23 22 23 23 22 22 23 23 23 23 23 22 
22 22 22 23 22 22 22 23 24 22 22 22 23 22 23 22 23 23 23 22 23 23 22 23 22 23 22 22 22 22 22 23 
23 23 23 23 23 22 23 23 23 22 22 23 23 23 23 23 23 22 23 23 22 23 24 23 23 22 23 23 22 22 23 23 
22 22 22 23 23 23 22 22 23 22 22 23 22 23 22 24 23 22 23 23 23 22 23 22 24 23 23 22 22 22 22 22 
23 23 22 23 22 22 22 23 23 23 22 23 22 24 23 24 24 23 22 23 22 23 22 22 22 22 23 22 23 22 23 22 
22 23 22 22 22 23 22 23 22 23 23 22 23 24 28 30 30 28 26 23 23 22 22 22 22 22 22 22 22 22 23 22 
23 22 23 23 23 23 24 23 23 22 22 24 24 28 32 32 32 32 30 26 23 23 23 23 22 22 23 22 22 23 23 23 
22 23 22 23 22 22 23 23 22 23 23 24 26 30 31 32 32 33 32 29 24 23 23 22 23 23 22 23 23 23 23 23 
23 23 24 22 23 23 22 23 24 23 23 23 27 31 32 32 31 32 32 30 24 23 22 23 23 23 23 23 23 22 23 23 
23 22 22 22 23 22 22 23 23 23 23 24 27 31 32 31 31 32 31 30 25 23 22 23 23 23 23 23 23 23 22 23 
24 24 22 22 22 23 23 22 23 22 23 25 27 30 31 32 31 32 32 30 26 24 22 23 23 23 23 22 23 22 22 23 
23 23 23 22 23 23 23 23 22 23 23 25 27 31 32 32 32 31 32 30 26 24 23 23 23 23 24 23 23 23 24 22 
23 23 23 22 23 23 23 23 24 23 24 25 28 31 32 32 32 32 31 30 26 24 23 23 23 23 23 23 23 23 23 22 
22 21 23 23 23 22 23 23 23 23 24 24 27 31 32 31 31 31 31 28 26 23 22 23 23 23 23 23 22 23 23 23 
24 23 24 25 27 28 28 27 27 28 29 29 28 28 28 28 29 30 29 29 28 28 27 27 28 27 25 25 24 24 23 22 
