22 21 22 23 23 23 23 22 22 22 22 22 22 23 23 23 22 22 23 23 23 22 24 25 26 24 25 24 24 24 23 24 
22 22 22 23 23 23 23 22 22 22 23 23 23 23 22 23 23 22 22 22 23 23 24 25 26 26 26 26 26 25 24 22 
23 23 22 22 22 24 22 23 23 22 23 22 23 23 23 22 23 23 23 22 24 24 27 28 28 29 28 27 26 26 25 25 
23 23 22 23 22 22 24 22 23 23 24 23 23 23 22 23 23 23 23 24 25 28 31 33 32 32 31 30 27 26 25 24 
22 22 22 23 23 23 23 22 23 22 22 23 23 23 22 23 23 22 23 24 28 31 32 32 32 32 32 33 30 27 26 25 
22 22 22 22 22 23 22 23 23 22 23 22 22 23 22 23 22 23 23 27 29 33 32 32 32 32 32 33 32 29 26 25 
22 23 22 23 22 23 23 23 23 23 23 22 23 23 23 22 23 23 25 27 30 33 32 30 31 32 32 33 32 30 28 27 
24 23 22 24 22 22 23 22 23 23 22 23 23 23 23 23 22 23 25 28 30 32 32 32 31 31 33 32 32 31 29 27 
23 22 22 22 23 22 23 22 23 22 22 22 23 24 23 23 22 22 26 28 32 32 32 32 32 32 32 32 32 30 29 26 
22 22 21 23 22 22 22 23 23 22 22 22 23 23 22 23 23 24 27 29 31 32 32 32 31 32 32 31 31 32 29 25 
22 22 22 22 22 23 22 23 23 22 23 22 22 23 22 22 22 24 29 31 32 31 32 31 31 31 31 31 30 31 29 27 
23 23 23 23 22 23 24 22 22 23 23 23 22 22 23 23 22 25 30 32 33 32 31 32 32 32 32 31 30 30 30 27 
22 22 22 22 23 22 23 22 22 22 22 23 23 22 23 23 23 24 29 32 31 31 32 31 32 32 32 32 31 31 30 26 
22 23 22 22 23 23 23 23 22 22 22 22 23 23 22 23 23 24 26 30 32 32 31 32 31 32 31 31 31 32 30 25 
23 23 22 23 22 23 22 23 23 23 23 22 23 23 23 22 23 24 26 28 32 31 31 32 32 32 32 32 32 32 31 26 
22 23 23 22 23 22 23 22 23 23 23 23 23 22 23 24 23 25 26 28 31 32 32 32 32 33 32 32 32 33 30 26 
23 23 22 22 22 23 23 23 22 22 23 23 23 23 24 24 25 25 26 28 31 32 32 32 32 32 32 32 32 32 29 26 
22 23 23 22 23 23 23 22 24 23 24 24 26 26 26 25 26 26 26 29 32 32 32 33 31 31 31 31 32 30 27 25 
22 22 23 22 22 22 22 23 23 23 26 27 27 27 28 27 27 26 25 29 32 33 32 32 30 29 28 29 29 27 26 24 
23 22 23 22 22 24 24 23 24 26 27 28 27 27 28 28 28 27 27 29 32 33 32 32 32 28 28 26 26 25 24 24 
22 24 22 22 22 22 23 23 24 28 27 27 26 27 27 28 28 27 26 28 31 32 32 32 32 32 28 26 27 25 24 23 
23 23 23 22 23 22 23 23 26 27 27 26 26 26 27 27 28 28 26 27 30 32 32 33 33 33 33 31 29 27 26 24 
22 22 22 22 23 23 22 24 27 27 27 26 26 26 26 27 27 27 26 26 28 32 33 33 31 32 32 32 29 27 28 26 
24 24 25 24 24 26 26 25 26 27 27 28 27 27 28 27 26 27 28 27 27 28 27 26 27 26 27 26 26 28 26 28 
