22 21 22 23 23 23 22 21 22 21 21 23 22 22 22 22 22 22 22 22 22 21 22 22 21 22 22 22 20 22 22 22 
22 22 22 22 22 22 22 22 22 23 22 22 22 22 22 22 22 23 22 22 22 22 22 22 22 23 21 22 22 21 22 21 
22 22 23 22 22 23 21 23 22 22 22 22 22 22 23 22 22 21 22 22 23 22 22 22 22 22 22 22 22 22 22 22 
22 22 22 23 22 22 22 22 23 22 23 23 22 22 22 23 23 22 21 23 22 23 23 22 22 22 23 23 22 22 22 22 
22 21 22 23 22 23 22 22 22 22 22 22 22 22 23 22 22 22 22 23 22 21 22 22 22 22 22 22 21 22 22 22 
24 22 22 22 22 22 23 21 22 22 22 22 22 22 22 22 22 23 22 21 22 22 21 22 22 22 21 22 22 22 21 21 
22 22 23 23 21 22 21 23 23 23 22 22 22 23 23 22 22 22 22 22 23 21 22 22 22 22 23 22 22 22 22 21 
24 23 22 23 22 22 22 21 22 22 23 22 22 23 22 22 22 22 22 22 22 22 22 23 22 22 22 22 22 22 22 22 
24 24 24 22 23 22 22 22 22 22 22 23 22 23 22 22 22 22 23 22 22 22 22 22 22 22 22 22 22 22 22 22 
27 28 30 28 24 22 22 22 22 23 22 22 22 22 22 23 22 22 22 22 22 22 22 22 22 23 21 22 23 22 22 20 
30 31 31 30 28 24 21 23 22 22 22 22 22 22 22 22 22 22 22 23 22 22 22 22 22 22 22 21 22 22 22 22 
31 30 30 30 30 26 23 22 22 22 23 22 22 22 22 23 22 22 21 22 22 22 22 22 22 22 22 22 22 22 22 22 
30 31 31 31 31 29 23 22 22 22 22 22 22 22 22 22 22 22 22 23 22 22 22 23 23 26 24 22 22 22 22 22 
32 30 30 30 30 30 24 22 21 22 23 22 22 22 22 22 21 23 22 22 22 22 22 22 27 29 28 26 23 23 23 21 
31 31 30 30 30 29 24 23 22 22 22 22 22 22 23 22 22 22 22 22 22 22 22 23 28 28 29 28 25 23 23 22 
30 30 31 31 30 29 25 21 22 22 22 22 22 22 22 22 22 22 22 23 23 22 22 23 28 29 29 29 26 23 22 22 
31 32 31 31 30 30 26 23 22 22 23 22 22 22 22 22 22 23 22 23 22 23 22 23 24 29 29 29 28 24 24 23 
32 31 31 32 31 30 26 22 23 23 23 22 23 22 22 22 21 23 23 22 22 22 22 23 22 27 29 29 28 24 23 23 
30 31 31 31 30 29 24 23 22 22 22 22 22 22 22 22 22 22 22 21 22 22 22 22 22 25 29 29 29 24 24 23 
30 30 28 28 27 26 24 22 22 23 22 22 22 22 22 22 22 22 23 22 23 23 22 22 23 26 28 29 29 26 23 23 
30 30 27 26 26 26 26 23 22 22 23 22 22 22 22 22 22 22 22 22 22 22 22 23 22 26 26 27 27 25 24 23 
30 31 30 29 30 31 30 28 25 23 22 23 23 22 22 22 22 23 22 23 22 22 22 23 23 26 26 26 27 25 24 23 
30 30 31 31 30 32 31 32 29 25 25 26 26 25 24 23 22 23 22 22 22 22 23 22 24 26 25 26 27 24 24 23 
28 28 28 26 28 28 28 27 28 29 29 29 29 28 28 26 24 25 26 25 25 26 24 24 24 24 25 24 24 22 22 22 
