23 23 22 23 23 23 22 22 22 22 22 22 22 23 22 23 22 22 23 23 22 22 23 23 22 23 22 22 22 22 22 22 
22 24 22 22 23 23 23 22 23 23 23 23 22 22 23 23 22 23 23 22 22 22 22 22 21 23 22 22 22 22 21 20 
22 23 22 22 22 23 21 24 22 22 23 22 23 23 22 22 23 23 22 22 23 22 22 23 22 23 23 23 22 22 22 22 
22 23 22 23 23 22 23 22 22 22 22 22 21 22 23 22 23 23 22 23 23 22 23 23 22 22 23 22 22 22 23 22 
22 22 22 23 23 22 22 22 22 23 22 22 22 22 22 22 22 23 23 22 22 22 23 22 23 23 22 23 22 22 22 22 
23 23 22 22 22 21 22 23 22 22 22 22 22 22 22 23 23 22 22 22 22 22 22 22 22 22 22 22 22 23 22 22 
23 22 23 23 22 23 22 23 22 23 22 22 22 23 22 22 22 22 22 22 22 22 22 23 22 22 23 23 22 22 23 23 
22 22 22 22 23 22 22 22 22 22 22 23 22 23 22 23 22 22 22 23 22 22 22 22 23 23 22 22 23 22 22 22 
22 22 22 23 22 23 22 22 23 23 22 23 22 23 23 23 22 22 23 22 23 22 23 24 24 25 24 23 23 23 23 23 
22 22 22 22 22 22 22 22 22 22 22 23 23 22 23 22 22 22 23 22 22 22 23 25 25 27 26 26 23 24 23 22 
22 23 22 22 22 23 22 24 23 22 22 22 22 23 22 22 22 22 23 22 22 23 25 28 29 29 28 28 26 23 24 23 
23 23 21 24 23 22 23 21 22 23 23 22 22 23 23 23 22 23 22 23 23 25 28 31 32 31 30 29 27 24 24 23 
22 23 22 22 23 22 23 22 22 23 22 22 22 23 22 23 22 23 23 23 23 26 30 32 32 31 32 30 28 26 24 23 
22 22 22 22 22 22 23 22 22 22 22 22 23 22 22 22 22 22 23 22 24 27 30 31 31 31 31 30 28 26 24 21 
23 22 22 23 22 22 22 23 23 23 23 22 23 23 22 22 22 22 22 22 25 28 30 32 31 31 31 31 29 26 24 24 
23 23 22 23 23 22 23 22 23 22 22 23 22 22 22 23 22 23 22 24 25 29 31 32 32 31 31 32 28 26 24 23 
23 23 22 22 22 22 23 22 22 23 23 22 22 22 22 24 23 23 22 24 25 28 31 32 32 31 31 31 29 26 24 23 
22 23 22 21 22 22 23 23 23 23 22 22 22 22 23 22 22 23 22 23 24 28 30 31 31 31 31 30 29 26 24 24 
22 22 22 22 23 22 23 22 23 23 23 23 23 23 23 22 22 23 22 23 24 28 30 31 30 30 30 29 27 25 23 24 
23 22 22 23 22 23 23 22 23 22 23 23 22 23 23 22 22 23 23 23 24 28 31 31 29 29 29 27 25 23 23 23 
23 23 23 22 22 22 22 22 23 22 23 23 24 24 24 24 24 24 26 26 27 30 30 30 30 30 28 27 24 24 23 23 
22 23 23 21 23 23 23 22 24 23 23 24 26 25 24 24 25 27 27 28 30 32 32 31 29 30 29 27 24 23 23 23 
21 22 21 22 23 22 23 22 23 23 24 27 26 26 27 26 27 29 28 30 30 31 32 32 32 31 30 26 24 24 23 22 
24 24 24 25 24 26 26 26 27 27 26 26 27 30 30 30 29 30 29 28 28 28 28 29 29 30 31 30 28 27 26 25 
