22 21 22 22 23 23 22 21 22 22 22 23 22 23 22 22 22 22 23 22 22 22 22 22 22 22 22 23 22 22 21 22 
22 22 22 21 22 22 22 22 22 23 22 22 22 23 22 22 23 23 23 22 22 23 22 22 21 23 22 22 21 22 21 22 
21 23 22 22 22 23 22 23 23 23 22 22 22 22 22 22 22 23 22 22 23 21 22 22 22 22 23 21 22 22 23 21 
22 22 22 23 23 22 23 21 23 22 22 23 22 23 23 23 22 22 22 23 22 22 22 22 22 22 23 21 22 22 22 23 
22 21 22 22 23 23 23 22 23 22 22 23 22 23 24 24 23 22 23 23 22 22 22 21 22 22 22 22 22 21 21 22 
22 22 22 22 22 22 22 22 22 23 23 24 25 26 27 25 25 25 23 22 21 21 22 22 21 23 22 22 22 22 22 21 
23 23 23 22 22 22 22 23 22 23 25 25 27 29 30 28 27 25 24 23 22 22 22 22 22 23 22 22 22 22 22 22 
23 22 22 22 23 22 23 21 23 24 26 27 30 32 31 31 30 27 25 24 22 22 22 22 22 22 22 22 22 22 22 22 
22 22 22 22 22 22 23 22 23 25 26 30 31 31 32 32 31 29 27 24 22 22 22 22 22 22 22 22 22 21 22 23 
22 22 22 22 23 22 22 22 24 25 28 30 31 31 31 32 31 31 28 24 22 22 22 23 22 22 22 22 22 22 22 22 
23 22 23 22 22 23 21 23 24 26 30 30 32 32 31 31 31 31 28 25 24 22 22 22 22 22 22 22 22 22 22 22 
23 22 22 22 22 22 23 22 25 27 31 31 31 31 31 31 31 30 27 25 23 22 23 23 22 22 23 22 22 22 22 22 
22 22 22 23 23 23 23 22 24 28 31 32 30 31 30 31 30 31 29 25 22 22 23 22 22 22 21 22 22 22 22 22 
22 22 22 23 22 22 22 22 24 27 31 31 31 31 31 31 31 31 28 23 23 22 23 22 21 23 22 22 22 22 22 21 
22 22 23 22 22 22 22 23 24 26 30 30 31 31 32 31 32 30 27 24 23 22 22 22 22 22 22 22 22 22 21 23 
23 22 22 23 22 22 23 22 23 25 29 31 30 31 31 31 31 30 25 23 23 23 22 22 22 22 22 22 22 22 21 22 
22 23 22 22 22 22 22 23 22 24 29 31 29 28 28 29 29 28 24 22 22 22 22 23 23 23 22 23 22 22 22 22 
22 22 22 22 22 23 22 23 23 25 29 31 31 28 27 26 27 26 24 22 23 23 22 23 22 22 21 22 22 22 22 22 
22 22 21 22 22 23 23 23 23 25 30 31 31 30 29 27 28 26 22 22 22 22 23 23 22 22 22 22 23 23 22 22 
23 23 22 22 21 23 23 23 25 26 31 32 32 31 32 30 30 28 25 22 23 23 22 22 22 22 22 22 22 22 22 23 
22 22 22 22 22 22 24 25 27 30 31 32 32 32 32 32 32 30 26 25 24 23 22 22 22 23 22 22 23 23 23 22 
22 23 22 24 25 25 26 27 30 30 31 31 33 32 32 32 32 32 30 28 25 24 23 22 22 23 22 22 23 23 22 22 
23 23 25 26 25 26 27 27 29 28 29 30 31 32 32 32 32 33 32 29 26 25 25 24 23 22 21 22 23 22 22 22 
27 27 27 28 27 28 27 28 28 28 29 28 27 27 28 28 27 29 30 29 29 29 27 26 24 25 25 26 24 24 23 22 
