22 22 23 23 23 22 22 22 23 22 23 22 22 22 22 23 22 22 23 22 23 22 22 22 23 22 22 23 22 22 21 22 
23 22 23 22 22 22 23 22 22 22 22 22 22 22 23 22 23 23 23 22 22 22 22 22 22 23 22 22 22 22 23 21 
23 22 22 23 23 23 22 23 22 22 22 22 22 23 23 22 22 22 22 22 23 22 22 22 22 22 22 22 22 22 24 22 
22 23 22 23 23 23 23 23 22 22 22 23 22 22 23 23 22 23 21 22 22 22 22 22 23 22 23 22 22 22 22 23 
22 23 22 22 22 22 22 22 22 22 22 22 24 22 22 23 22 22 22 23 22 22 23 21 22 22 22 22 22 22 22 22 
22 22 22 22 22 22 22 22 23 22 23 23 23 22 23 22 22 22 22 22 21 22 22 22 22 23 22 22 22 23 21 21 
23 22 22 22 22 23 22 23 22 22 22 22 22 22 23 22 23 22 22 22 22 21 22 22 22 22 23 22 22 21 22 22 
22 23 22 23 23 22 23 23 22 22 22 22 22 23 22 23 23 22 23 22 22 22 22 23 23 22 23 22 22 22 22 22 
22 22 23 22 22 22 22 22 22 22 22 22 23 22 23 23 22 23 23 23 22 22 22 22 23 22 22 22 22 22 22 22 
23 22 22 23 22 22 23 22 23 22 22 23 22 22 23 22 23 23 23 22 22 23 22 22 22 24 22 23 23 22 22 22 
22 22 23 22 22 22 22 24 23 23 22 22 22 22 23 23 22 22 22 22 22 22 23 22 23 23 23 22 22 22 22 23 
23 23 22 24 22 22 23 22 22 22 23 24 22 22 22 23 22 23 22 23 22 22 23 22 23 22 23 22 22 22 22 22 
22 22 22 22 23 22 22 23 22 22 22 22 22 22 21 23 22 23 23 23 23 22 22 23 23 22 22 23 22 23 22 22 
23 22 22 22 22 22 22 22 22 22 22 23 22 22 22 22 22 23 23 22 22 23 23 25 25 24 23 23 22 23 23 22 
22 22 23 22 22 22 22 23 22 22 22 22 22 23 23 22 22 22 23 22 22 22 25 31 32 30 24 23 21 22 23 23 
23 22 22 22 22 22 23 22 22 22 22 23 22 22 23 23 22 23 22 22 23 23 27 31 32 31 27 24 22 22 22 22 
22 22 22 22 22 22 22 23 22 23 23 23 22 23 22 22 23 23 22 22 23 22 28 30 31 32 28 24 23 23 23 22 
22 23 23 22 22 23 22 23 23 22 23 22 22 22 23 22 22 23 23 22 23 23 26 31 31 31 27 24 23 22 23 23 
22 22 22 22 23 22 23 23 23 23 23 22 22 22 22 22 22 22 22 23 23 22 24 29 30 30 26 24 23 23 23 22 
22 22 22 22 22 22 23 23 23 23 23 23 22 22 23 23 22 22 23 22 23 24 22 28 28 30 26 24 22 23 22 23 
22 22 22 22 22 22 23 22 22 23 23 23 22 22 22 23 22 23 23 23 23 22 26 30 32 32 30 25 24 23 23 23 
22 23 22 22 22 23 23 22 23 23 23 23 23 22 23 22 22 23 23 24 25 26 28 29 30 31 31 28 26 24 23 23 
22 21 21 22 22 22 23 23 23 23 23 22 23 23 22 22 23 22 23 25 27 27 29 29 28 28 30 28 27 27 24 24 
22 22 22 22 21 22 23 22 22 23 22 23 22 23 22 23 22 25 26 27 26 28 27 28 27 28 28 28 26 27 25 24 
