21 22 21 23 23 24 23 22 22 22 22 22 22 23 22 23 22 23 24 22 23 22 23 22 22 23 22 23 22 22 22 22 
23 22 22 23 22 23 23 22 22 23 22 23 23 23 22 23 23 23 22 22 22 22 22 23 22 23 22 22 23 22 22 21 
22 23 23 23 22 22 22 23 22 23 22 23 22 24 22 23 22 23 23 22 23 23 22 23 22 22 23 22 22 21 22 23 
23 22 22 23 23 23 23 23 23 23 22 23 22 23 23 23 22 22 23 24 22 23 23 22 22 22 23 22 22 22 23 23 
22 22 22 22 23 23 22 22 22 23 22 23 23 23 22 23 22 22 23 22 22 22 23 22 22 22 23 22 22 22 22 22 
23 22 23 23 22 22 23 23 23 22 23 23 23 23 22 23 23 23 23 22 22 22 23 23 22 23 22 23 22 23 23 21 
23 22 23 23 23 23 22 24 22 23 22 22 23 22 23 22 22 22 23 22 24 22 22 22 22 22 23 23 22 22 23 23 
22 22 22 23 23 23 23 23 23 23 23 23 22 23 23 23 23 22 22 23 23 23 22 23 23 22 22 22 22 22 22 23 
23 23 22 22 23 22 22 22 22 22 23 23 22 23 23 24 24 24 24 22 23 23 23 22 22 22 22 23 22 22 22 22 
22 23 23 22 23 22 22 22 22 23 23 23 23 24 25 27 26 26 25 25 22 23 22 23 22 23 23 23 23 23 22 22 
22 23 22 21 22 24 23 24 23 23 22 23 24 27 29 29 29 28 26 25 25 23 23 22 22 22 23 22 22 22 22 23 
23 22 22 23 23 23 23 23 23 22 23 24 27 28 31 31 30 30 29 26 24 24 23 23 23 23 22 23 22 23 22 23 
22 22 22 22 23 23 22 23 22 23 23 25 27 30 31 32 32 31 31 27 25 22 22 23 23 23 22 23 22 22 23 22 
23 23 22 23 22 23 23 22 23 24 24 25 28 31 32 32 32 33 32 30 25 23 23 23 22 23 23 23 23 23 23 21 
23 23 22 22 22 23 22 23 22 23 24 25 29 31 32 32 32 32 32 30 26 23 22 23 23 22 23 22 22 22 23 23 
22 23 23 22 22 23 23 22 23 24 24 26 29 31 32 32 31 32 32 31 26 24 23 23 22 23 22 22 22 22 23 23 
23 23 22 22 23 22 23 22 23 24 25 26 28 32 32 32 32 31 32 31 27 24 23 22 22 23 22 23 23 23 22 23 
22 22 24 22 24 23 23 22 24 24 25 26 29 32 31 31 32 31 31 31 27 24 23 22 23 22 22 23 23 22 23 23 
21 23 22 23 23 23 23 23 24 24 25 26 30 32 32 32 32 31 31 29 26 24 23 22 22 23 23 23 23 23 23 22 
23 23 22 22 22 23 23 23 24 24 26 27 30 31 32 32 31 32 31 28 24 24 23 22 22 23 22 23 22 23 22 22 
23 23 22 22 22 23 23 23 22 23 25 26 30 32 31 31 31 31 30 28 25 24 23 23 23 23 23 23 23 23 23 22 
22 23 23 22 23 24 23 23 24 25 26 27 31 31 29 30 29 29 28 26 24 24 24 23 22 23 23 23 24 23 23 23 
22 22 23 23 23 22 23 24 24 25 27 29 32 33 31 28 29 30 29 27 26 24 24 24 22 23 22 23 22 23 23 23 
28 28 27 27 27 28 28 27 27 27 29 28 28 28 28 28 27 28 29 28 29 30 30 27 27 26 26 27 25 26 24 24 
