23 22 22 22 24 22 22 22 22 22 22 22 22 23 22 23 23 23 23 22 22 22 23 22 22 23 22 21 22 22 21 22 
22 23 22 22 22 23 22 22 22 23 22 23 22 23 22 22 23 23 23 22 22 22 22 22 22 22 22 23 23 22 21 21 
22 22 22 22 22 22 22 24 23 22 23 22 22 22 22 22 22 23 23 22 23 22 22 23 22 23 23 22 22 22 21 23 
22 22 22 23 22 23 22 23 22 22 22 23 23 22 23 22 22 23 22 22 22 22 22 22 22 22 22 22 22 21 23 22 
22 22 22 23 22 22 22 22 23 22 22 22 22 22 23 22 22 22 22 22 22 22 22 22 22 22 22 22 22 22 21 22 
22 22 22 22 22 22 23 22 22 23 22 22 22 22 22 22 22 23 22 22 22 22 22 22 22 22 22 23 22 22 22 21 
22 22 22 22 22 23 22 23 22 22 22 22 22 23 22 22 22 22 22 22 22 22 22 22 22 22 22 22 22 22 21 22 
23 22 22 22 22 22 22 22 22 22 22 23 22 22 22 22 23 22 22 23 22 22 22 23 22 22 22 22 22 22 22 22 
23 22 22 22 23 23 22 22 22 22 22 22 22 23 22 23 22 22 22 22 22 22 23 22 22 22 22 22 22 22 22 21 
23 23 22 22 23 22 22 22 23 22 22 23 22 22 22 22 22 23 23 23 22 22 22 23 22 22 22 22 22 22 22 22 
23 22 23 22 23 23 22 23 22 22 22 22 22 22 22 22 22 22 22 22 23 22 22 23 22 22 23 22 22 22 22 22 
23 23 22 23 23 23 22 22 22 22 22 23 23 23 23 23 23 22 22 23 22 22 23 23 22 22 22 23 21 22 22 22 
23 22 22 23 22 23 22 22 23 22 22 23 22 23 23 28 28 25 23 23 22 22 22 22 21 23 22 22 21 22 22 22 
22 22 22 22 22 23 22 22 22 22 22 23 22 23 28 31 32 31 25 22 22 22 23 22 22 22 22 23 22 22 22 21 
22 23 23 22 22 23 22 23 22 22 23 22 22 24 30 31 31 31 26 22 23 22 22 22 23 22 22 22 22 23 21 22 
22 23 22 22 22 22 22 23 22 23 22 23 23 24 30 31 30 31 26 22 22 22 22 22 22 23 22 22 22 22 22 23 
22 22 22 22 22 23 22 23 22 22 23 22 22 24 30 32 31 31 26 23 23 22 23 23 22 23 22 22 23 22 22 23 
22 23 22 22 22 23 22 22 22 22 23 22 22 23 27 30 31 29 24 23 23 22 22 23 22 22 22 22 22 22 22 22 
22 22 22 22 22 23 23 22 22 22 22 22 23 24 28 30 29 27 22 22 22 22 22 22 22 22 23 22 23 23 23 23 
22 23 22 21 22 24 23 22 23 23 24 24 24 27 30 32 31 29 24 23 23 23 22 22 22 22 22 23 22 22 22 22 
22 22 21 22 22 22 23 23 22 24 27 26 26 28 28 30 31 31 27 23 23 23 22 23 23 23 22 23 24 22 22 22 
22 23 23 22 23 23 22 23 24 26 26 26 27 28 29 28 28 29 29 26 24 24 22 23 22 22 22 22 22 22 22 22 
22 21 22 22 22 22 23 23 24 27 28 26 27 29 30 28 27 29 29 26 26 24 23 22 22 22 23 22 23 22 23 23 
22 22 22 22 22 23 24 24 26 26 27 27 29 28 28 28 27 28 29 27 25 26 23 22 22 23 22 23 24 24 21 22 
