21 22 22 24 23 23 22 21 22 23 22 22 22 22 21 22 22 23 22 22 22 22 23 22 22 22 22 22 22 21 22 22 
23 23 22 22 22 22 22 22 22 22 22 22 22 22 23 22 22 22 23 22 21 22 22 22 22 22 21 22 23 21 22 21 
22 23 21 22 22 22 22 22 22 22 22 22 22 22 22 22 22 22 22 22 23 22 22 22 22 22 22 22 22 22 22 22 
22 22 22 23 23 22 23 23 22 22 22 22 23 22 22 22 22 22 22 22 21 23 22 22 22 22 22 23 22 22 22 23 
22 22 22 22 23 22 22 21 22 22 22 22 21 22 22 22 22 22 23 22 23 22 22 21 22 22 22 22 22 22 21 22 
22 22 22 22 22 22 22 21 22 22 22 22 22 22 22 23 22 23 22 22 22 22 23 22 21 22 23 22 23 21 22 21 
22 22 22 22 22 23 21 22 22 22 22 22 22 23 22 22 22 22 22 22 23 22 21 21 22 22 22 22 21 22 22 22 
22 22 21 23 22 22 22 22 22 22 22 22 22 22 23 22 22 22 22 23 21 22 22 22 22 22 22 22 22 22 22 22 
23 22 22 22 23 23 22 21 23 22 22 22 22 22 21 22 22 22 23 22 22 22 22 22 22 22 22 22 22 22 22 22 
22 22 22 22 22 22 22 22 22 22 22 23 22 22 22 22 21 22 23 22 21 22 22 22 22 22 22 22 22 22 21 21 
23 22 23 22 22 22 21 22 22 22 23 22 22 22 22 23 22 22 22 22 22 22 21 21 22 22 22 22 22 22 22 22 
23 22 22 23 23 22 22 22 22 22 23 23 22 22 22 22 22 23 22 22 22 22 22 23 22 22 22 22 21 22 22 22 
22 22 22 22 22 23 22 22 23 22 22 22 22 23 22 22 22 22 22 22 23 22 22 22 22 22 22 22 22 21 21 22 
23 22 22 22 22 22 22 21 23 22 22 23 23 22 22 23 22 22 23 22 22 22 22 23 22 22 22 22 23 22 22 22 
22 22 23 22 22 23 22 23 22 22 22 22 23 22 22 22 22 22 23 23 23 22 22 22 22 22 23 21 22 22 22 22 
22 22 22 22 22 22 22 22 22 21 23 24 24 24 23 22 22 22 22 23 22 22 23 22 22 22 22 22 22 21 22 22 
22 23 22 22 22 22 22 22 22 22 27 29 30 30 28 24 22 22 22 23 22 22 22 22 22 22 22 22 23 22 22 22 
22 23 22 22 22 23 23 22 23 26 31 32 31 31 30 27 24 22 23 23 22 22 22 22 23 22 22 22 22 22 22 22 
22 22 22 22 22 22 22 22 23 28 32 31 31 32 32 28 24 22 22 22 22 22 22 22 22 22 22 22 22 23 22 22 
22 22 22 22 22 23 23 22 24 29 30 32 32 31 31 29 25 23 23 22 22 22 23 22 22 22 22 22 22 22 22 22 
23 22 21 22 22 22 22 23 26 31 31 31 30 31 32 30 24 22 22 23 22 23 22 22 23 23 22 23 23 23 23 22 
22 23 22 22 22 23 23 23 26 31 31 31 31 31 31 29 25 22 22 22 22 22 22 22 22 22 22 22 23 23 22 23 
21 23 22 23 22 22 23 23 26 30 32 30 30 31 31 28 23 23 22 22 23 22 22 22 22 22 22 23 22 23 23 22 
25 25 25 25 26 25 28 27 28 28 28 28 28 29 29 28 24 25 25 26 26 23 22 22 22 22 21 22 23 23 22 23 
