22 22 22 22 24 23 23 21 23 22 22 23 22 22 22 23 23 22 23 22 22 22 23 22 22 22 23 22 22 21 22 22 
22 23 23 22 22 23 22 22 22 22 22 23 22 22 23 22 23 23 23 22 22 22 21 22 22 22 22 22 22 22 22 21 
23 22 23 22 22 23 22 24 22 23 22 22 22 22 22 22 23 23 23 23 23 22 22 22 22 22 22 22 22 21 22 23 
23 23 22 23 23 22 23 23 22 22 22 23 22 22 22 22 22 23 22 23 22 22 23 23 22 23 22 22 22 22 23 22 
22 22 23 22 23 21 22 22 23 22 21 22 23 22 23 22 22 22 23 23 22 22 23 22 22 23 22 22 22 22 22 22 
23 22 22 22 22 22 22 23 23 23 23 22 22 22 22 23 23 22 22 22 22 22 23 22 22 23 22 22 22 23 22 22 
22 23 22 23 22 23 22 23 22 22 22 22 22 23 22 22 22 22 22 22 22 22 21 22 23 22 22 22 22 22 23 22 
23 22 22 22 22 22 23 23 22 22 23 23 22 23 23 23 22 22 22 22 22 22 23 23 22 22 22 23 22 22 22 22 
23 22 22 22 23 22 22 22 22 22 22 22 23 22 22 23 22 22 23 23 23 22 23 23 22 22 23 22 22 22 22 21 
22 22 22 23 22 22 23 23 22 23 22 22 22 23 22 22 23 23 22 22 22 22 22 22 22 23 22 22 22 23 23 21 
22 23 23 22 22 23 22 23 23 22 23 22 22 23 23 22 22 23 22 22 23 22 22 23 24 23 22 22 22 22 23 22 
23 22 22 22 22 23 23 22 22 22 22 23 22 23 23 22 22 22 22 22 23 23 22 22 22 22 23 23 22 22 22 22 
23 22 22 23 22 23 22 22 22 21 22 22 22 22 22 23 22 22 23 23 23 22 22 22 22 22 22 23 22 22 22 21 
23 23 22 22 22 22 23 22 22 22 22 23 22 23 22 22 22 23 22 22 22 22 22 24 24 24 23 22 23 23 22 22 
22 23 22 23 22 22 21 23 22 22 22 22 23 22 22 22 21 23 22 22 23 22 25 30 31 28 24 23 22 22 23 22 
23 23 22 22 22 22 22 22 22 22 22 22 22 22 22 23 23 22 23 23 23 23 28 32 32 31 25 23 22 22 22 22 
22 22 23 22 22 22 23 23 22 22 23 23 22 22 23 22 22 22 22 22 22 22 28 31 31 31 27 24 24 23 22 23 
22 23 23 22 22 23 23 23 23 23 23 22 23 22 23 23 23 23 23 23 22 23 28 31 31 32 26 24 23 23 23 23 
22 22 21 23 22 22 22 22 23 22 23 22 22 22 22 22 22 22 22 22 22 23 25 30 31 30 25 23 23 23 23 23 
22 22 22 22 22 23 23 23 23 23 23 23 22 22 23 23 23 23 22 23 23 23 23 28 28 30 26 24 23 23 22 23 
22 23 22 22 22 22 23 22 22 22 23 23 22 22 23 23 23 22 23 22 23 22 25 30 31 32 30 25 24 23 23 23 
21 23 23 22 22 23 23 23 23 23 23 22 23 22 22 22 22 23 23 23 24 26 29 30 30 31 31 27 26 24 23 23 
22 22 22 22 23 22 23 23 23 22 23 23 23 22 23 22 22 23 22 25 26 27 29 29 29 28 30 28 28 27 25 23 
22 22 22 22 22 21 23 21 22 23 23 23 23 22 23 23 22 26 26 26 27 29 28 27 28 28 28 28 26 26 25 24 
