22 21 23 23 24 23 23 23 23 22 22 22 22 23 22 23 22 22 23 22 22 22 22 22 22 22 22 23 22 22 22 22 
22 23 22 22 22 22 22 22 22 22 22 23 22 23 23 23 23 23 22 22 22 22 22 22 22 22 22 22 22 23 22 22 
22 23 23 23 22 23 22 24 22 23 23 22 22 23 22 22 23 22 23 23 23 22 22 22 22 22 22 22 23 23 24 23 
22 22 23 23 22 23 23 22 23 22 22 23 22 22 22 22 23 22 22 23 22 23 23 22 23 23 23 23 22 22 23 22 
22 22 21 22 22 23 22 22 22 22 22 22 22 22 22 24 22 22 23 22 23 22 22 22 22 22 22 22 22 22 22 22 
22 22 22 22 23 22 22 23 22 23 22 23 22 22 22 23 23 23 22 23 22 22 22 23 22 22 22 22 23 23 22 22 
23 23 22 23 22 23 22 23 24 23 24 23 22 23 22 22 23 22 23 23 23 22 22 22 23 23 21 22 23 22 23 22 
22 23 23 23 23 23 24 24 25 25 27 26 24 23 22 23 23 23 22 22 23 23 22 23 22 22 23 23 22 22 23 22 
22 22 22 23 24 24 25 26 30 30 31 32 30 26 22 23 22 23 22 23 22 23 22 22 23 23 22 22 22 22 23 22 
22 22 23 23 23 24 25 30 32 32 31 32 32 31 25 23 22 23 22 22 22 22 23 22 23 23 22 23 22 23 22 22 
23 23 23 23 23 25 28 32 31 31 32 31 32 32 28 23 22 22 22 23 23 22 23 22 22 22 23 23 22 23 24 23 
24 23 24 23 24 25 30 32 31 32 32 32 32 31 28 24 23 23 22 23 23 22 23 22 22 22 22 22 23 22 25 26 
23 23 21 23 24 26 31 31 31 31 30 31 32 31 29 23 22 23 23 22 22 22 22 22 23 22 22 22 23 23 25 26 
22 23 23 24 24 29 30 31 31 31 29 31 32 31 29 23 22 23 22 22 22 22 23 22 22 22 22 23 22 24 26 26 
23 23 23 24 25 30 30 31 32 31 30 30 31 31 28 23 21 22 23 22 22 22 22 23 22 22 22 22 22 23 26 28 
23 23 23 23 25 28 31 31 32 31 31 32 32 31 27 23 23 23 22 23 22 23 22 23 22 23 22 23 22 22 25 27 
22 22 22 24 24 27 31 32 31 32 32 31 30 30 26 23 22 23 22 23 23 23 23 23 23 23 22 22 25 25 25 28 
22 22 23 23 23 26 30 32 33 32 31 32 32 29 24 22 22 23 22 23 23 23 23 23 23 23 22 22 24 27 29 28 
22 22 22 24 23 26 31 30 30 30 31 31 30 26 23 22 23 23 22 22 22 22 23 22 22 23 23 22 23 24 28 28 
23 22 22 22 23 25 31 29 27 28 29 29 28 24 23 23 22 23 23 22 23 23 22 22 22 22 22 22 22 22 23 27 
23 22 23 24 25 27 32 31 27 27 27 28 28 24 23 23 22 22 23 23 22 22 23 23 23 22 22 22 23 22 23 26 
23 24 25 27 29 31 31 33 32 30 30 30 32 29 25 22 23 23 22 23 23 23 23 22 23 23 22 22 23 22 22 24 
26 26 26 29 30 30 32 31 32 32 32 31 32 32 28 25 24 24 23 23 22 23 22 22 22 22 23 22 22 23 23 24 
28 27 28 28 28 28 29 27 27 27 29 28 29 29 30 30 29 29 28 26 25 26 26 27 27 27 27 27 27 26 25 26 
