22 22 23 22 23 22 23 21 23 22 22 22 21 23 22 22 23 22 22 22 23 21 22 22 21 22 22 22 22 22 21 22 
23 22 22 22 21 22 22 22 22 22 22 23 22 23 22 21 22 23 23 22 21 22 22 22 22 24 22 22 22 22 21 21 
22 22 23 22 22 22 21 23 23 23 23 22 22 22 23 23 22 22 22 22 23 22 22 22 21 22 22 22 22 22 22 23 
22 22 22 23 22 22 23 22 22 22 22 23 22 22 22 23 22 22 21 22 21 22 23 22 22 22 23 22 22 22 21 22 
22 21 23 22 22 22 22 21 23 22 21 22 22 23 23 23 22 22 23 22 23 22 22 23 22 22 22 22 22 22 22 22 
23 22 22 22 22 22 22 23 22 22 22 22 23 22 22 22 22 23 23 22 22 22 21 22 21 22 22 22 22 23 22 21 
22 23 23 22 21 22 22 24 22 22 22 22 22 22 22 22 22 22 22 22 23 22 22 22 21 23 22 22 22 22 22 22 
22 22 23 23 23 23 23 22 22 22 22 22 21 22 22 22 22 22 22 23 21 22 22 22 22 22 22 22 22 22 22 22 
22 22 22 21 22 23 23 22 22 22 22 22 22 23 22 23 23 22 22 22 22 22 22 22 22 22 22 22 22 22 22 22 
22 22 22 22 21 22 22 22 22 22 22 23 22 22 23 22 22 23 22 22 22 22 22 22 22 23 22 22 22 22 22 21 
22 22 23 23 22 22 22 23 22 23 22 22 22 22 23 22 22 22 22 22 22 22 22 22 23 22 23 22 22 22 22 23 
22 22 22 23 22 22 22 22 22 21 23 22 22 22 22 23 23 22 22 22 22 22 22 22 22 22 22 23 23 21 23 23 
22 23 22 22 23 22 22 22 22 22 22 22 22 22 22 22 22 22 22 22 23 22 23 22 22 22 22 23 22 22 22 21 
24 23 22 23 22 23 22 22 22 22 22 22 22 22 22 22 22 22 22 22 22 22 22 23 22 23 22 22 22 23 22 22 
24 24 23 23 21 22 22 23 22 23 23 22 22 22 23 22 22 22 22 22 22 22 22 22 22 22 22 22 22 21 22 23 
24 23 23 23 22 22 22 22 24 25 25 24 22 22 22 22 23 22 22 23 22 22 22 21 22 22 22 23 22 21 22 21 
24 24 23 22 22 22 23 26 30 30 32 29 24 23 23 23 23 22 22 23 22 22 23 22 23 22 22 22 23 23 22 23 
24 24 24 23 23 23 25 30 32 32 32 31 29 23 22 22 22 22 22 22 22 22 22 23 22 23 22 22 22 22 22 23 
23 23 23 22 23 23 26 31 31 31 32 30 30 25 22 23 22 22 22 22 22 22 22 23 22 23 22 23 22 22 22 21 
23 23 22 23 22 24 27 31 31 31 32 31 31 26 23 22 22 22 23 22 23 23 22 22 22 22 23 22 22 22 22 22 
23 23 23 23 23 24 29 31 31 31 31 31 31 26 22 23 22 23 22 23 22 23 22 22 23 22 22 22 23 22 23 22 
23 24 24 23 24 26 30 30 32 32 31 31 31 27 23 22 22 23 23 23 22 22 23 23 22 23 22 21 23 23 22 22 
23 23 23 23 24 24 28 30 32 31 32 30 30 25 22 21 22 23 22 22 22 22 22 22 22 22 22 22 22 22 22 22 
27 26 25 26 26 29 29 29 28 28 29 30 28 26 25 25 26 26 26 22 22 23 22 22 22 22 21 23 23 24 22 22 
