22 22 22 23 22 22 22 22 22 22 22 23 22 22 22 22 22 22 23 23 22 22 23 21 22 22 21 22 21 21 22 21 
21 22 22 22 22 22 22 22 22 22 22 22 22 22 22 22 22 22 23 22 22 22 22 22 21 23 21 22 22 22 22 22 
22 22 22 21 22 23 22 23 23 23 22 22 22 22 22 22 22 23 22 22 23 21 22 22 22 22 23 22 22 21 21 22 
22 22 22 22 22 21 22 21 23 22 22 22 22 22 22 22 22 23 22 23 21 22 22 22 22 22 22 22 22 22 22 23 
22 22 22 22 22 22 23 21 22 22 22 22 22 22 22 22 22 22 22 22 22 21 22 22 21 22 22 22 22 22 22 21 
22 22 22 22 21 22 21 22 22 22 23 23 22 22 22 22 23 22 22 21 22 21 21 22 22 23 22 22 22 22 22 21 
22 22 22 23 21 23 21 22 22 22 23 22 22 23 22 22 23 22 22 22 22 21 21 22 22 22 23 22 22 22 21 21 
23 23 23 23 23 22 23 21 22 22 22 22 21 22 22 22 22 22 22 22 22 21 22 22 22 22 22 22 22 21 21 22 
24 24 24 25 24 23 22 21 23 22 22 22 22 22 22 22 22 22 22 22 22 22 22 23 22 23 22 22 22 22 23 21 
26 26 28 29 29 27 24 23 22 22 23 22 22 22 22 22 22 22 22 22 22 22 22 23 22 23 22 22 21 22 22 22 
26 29 30 31 30 30 27 24 22 22 23 22 22 22 22 22 23 22 22 21 22 22 21 22 21 22 22 22 22 22 22 22 
28 30 31 31 31 30 29 24 23 22 23 23 22 22 22 23 22 23 21 22 23 22 22 22 22 22 23 22 22 22 22 22 
28 31 31 32 32 31 30 25 23 22 22 22 22 23 22 22 22 22 23 22 23 22 22 22 22 22 22 22 22 22 22 21 
28 31 30 31 30 30 30 26 23 22 22 22 23 22 22 22 22 22 22 22 22 22 22 22 22 23 22 22 22 22 22 21 
29 30 31 30 29 30 30 26 23 22 22 21 22 22 23 22 22 22 22 22 23 22 22 22 22 22 22 22 21 21 22 22 
31 31 30 31 30 30 30 24 23 22 22 22 23 22 22 22 22 22 22 23 23 22 22 22 22 22 22 22 22 21 22 22 
30 30 31 31 31 30 30 26 22 22 22 22 21 22 22 22 22 22 22 22 22 22 22 22 23 22 22 22 22 22 22 22 
29 30 32 31 32 31 30 25 23 23 22 23 23 23 22 22 22 23 22 22 22 22 22 22 22 22 22 22 22 22 21 22 
28 30 30 29 29 29 28 23 22 21 23 22 22 22 22 21 22 22 22 22 22 22 22 22 21 22 22 21 23 22 22 22 
28 29 30 27 26 27 25 23 22 22 23 23 21 23 23 22 22 22 22 22 22 23 22 22 22 22 22 22 23 22 22 22 
27 30 30 29 28 27 27 24 22 22 23 22 22 22 22 22 22 22 22 23 22 22 22 22 22 23 23 22 22 22 22 22 
29 30 32 31 31 30 30 28 26 23 23 21 22 22 23 22 22 23 22 22 22 22 22 23 22 23 22 22 22 22 22 22 
30 30 31 32 31 31 32 32 29 26 25 23 22 23 23 22 22 22 22 21 22 22 22 23 22 23 22 22 22 22 22 22 
29 29 28 28 27 28 28 27 29 29 30 30 29 27 25 24 25 26 25 23 24 23 22 22 22 22 22 22 23 23 23 21 
