21 22 23 22 23 22 23 22 22 22 22 23 22 22 22 23 22 22 23 22 22 22 22 22 22 23 22 22 21 22 22 22 
23 23 22 22 22 22 23 23 23 22 22 23 23 22 23 23 22 23 23 23 22 23 22 22 22 23 21 23 22 22 23 21 
22 22 22 22 23 22 22 24 23 23 23 22 22 23 22 22 22 23 22 22 23 21 22 22 22 22 23 22 22 22 22 23 
23 23 22 22 22 22 23 23 23 22 23 23 22 23 22 22 23 22 22 22 22 23 23 23 22 22 23 22 22 22 22 22 
23 22 22 22 23 23 22 22 22 22 22 22 22 22 22 23 23 22 23 22 22 22 22 22 22 22 22 23 22 22 20 22 
23 22 22 22 22 23 22 22 22 23 22 22 22 22 22 22 22 22 22 22 22 22 22 22 22 23 22 22 22 22 22 21 
22 22 23 22 22 22 21 23 22 22 23 22 22 22 23 22 22 22 22 22 22 22 22 22 22 22 23 22 22 23 22 22 
23 22 22 22 23 22 22 22 22 22 22 22 22 23 23 22 22 22 22 22 22 22 23 22 22 22 23 22 22 22 22 22 
23 22 22 23 22 22 22 22 22 22 23 22 22 22 23 23 22 22 23 22 22 22 23 22 22 23 22 22 23 22 22 22 
22 23 22 22 22 22 22 22 22 22 22 22 22 22 22 22 22 23 23 22 22 22 22 22 22 23 22 23 22 22 22 21 
22 22 22 22 22 22 22 23 22 22 23 23 22 23 22 22 23 23 22 23 22 22 22 23 22 22 22 22 22 22 22 23 
23 23 22 23 23 22 22 22 22 22 22 23 22 22 22 23 22 22 23 22 22 23 23 23 22 22 22 22 22 22 23 23 
22 22 22 22 23 22 22 22 22 22 22 22 22 22 22 23 23 23 25 27 27 24 23 22 23 22 22 22 22 22 22 22 
23 23 22 22 22 22 23 22 22 22 22 23 23 22 23 23 23 25 29 31 32 29 23 22 22 23 22 23 22 23 22 22 
22 23 23 23 22 23 22 23 22 23 22 22 22 22 23 22 22 25 30 31 32 30 25 23 23 21 23 22 22 22 22 23 
22 22 23 22 22 22 23 21 22 22 22 23 22 23 22 23 23 25 30 31 31 31 26 22 22 23 22 22 22 22 22 23 
22 22 21 22 22 22 22 22 22 21 23 22 21 23 22 23 22 24 29 31 31 30 26 23 22 23 22 23 23 22 22 22 
23 22 22 22 23 22 23 23 23 23 23 23 23 22 22 22 22 24 28 31 31 29 24 23 23 22 22 23 23 22 23 22 
22 21 22 22 22 22 22 23 22 22 23 22 22 22 23 22 23 24 27 29 28 27 24 23 22 23 22 22 23 23 22 23 
22 23 21 21 22 22 23 22 23 23 23 22 22 22 23 24 24 26 30 31 31 31 26 23 22 22 23 23 23 22 22 22 
22 22 22 22 22 22 23 22 22 23 22 22 22 24 25 25 26 28 29 30 31 31 30 25 24 23 23 23 24 23 23 23 
22 23 23 22 22 24 23 22 23 23 23 22 23 24 25 26 27 29 29 28 28 29 29 28 26 24 22 23 22 23 23 23 
22 23 22 22 23 22 23 22 23 23 22 23 22 25 27 25 27 30 28 28 28 29 29 28 26 26 24 23 23 23 23 22 
22 21 22 21 21 21 22 21 22 24 22 24 26 26 28 26 27 28 28 28 28 29 29 25 25 26 25 24 25 25 23 22 
