22 22 22 22 23 23 22 22 22 22 23 22 22 23 22 23 23 22 23 23 23 22 22 22 22 23 22 22 22 22 22 22 
22 21 22 23 23 23 22 23 22 22 23 22 23 22 22 23 23 23 23 22 22 23 23 22 22 23 22 22 23 22 22 21 
23 23 23 23 22 23 22 23 22 23 23 22 23 22 22 22 22 23 23 23 23 22 22 23 22 22 23 23 22 22 22 22 
23 22 22 23 22 23 23 23 22 22 22 23 22 22 22 23 22 22 22 22 22 22 22 23 22 22 23 22 21 22 22 22 
23 22 22 22 23 22 22 22 23 22 22 22 22 23 22 22 23 22 22 23 22 22 22 22 22 22 22 22 22 22 22 22 
23 23 22 22 22 22 22 22 22 22 23 22 23 22 22 23 23 22 23 22 22 23 22 22 22 23 22 22 22 23 23 21 
23 23 23 22 22 22 22 23 22 23 22 22 23 22 23 22 23 23 23 22 22 21 22 22 22 22 22 23 22 22 22 22 
22 22 22 23 23 22 23 22 22 22 22 23 22 23 23 23 23 22 22 22 22 22 22 22 22 22 23 22 22 22 22 22 
23 22 22 22 22 23 23 22 22 22 22 22 22 23 23 23 22 22 23 23 22 21 22 23 22 22 22 22 22 22 22 22 
22 22 23 22 22 23 22 23 24 24 24 23 23 22 23 22 23 23 23 23 22 22 22 22 22 23 23 22 23 23 22 21 
22 22 23 22 23 23 23 25 27 29 29 29 26 24 23 22 23 23 23 23 23 22 22 23 22 23 22 23 22 22 23 23 
23 22 22 23 24 23 25 28 31 31 32 32 30 26 23 23 23 22 22 22 22 22 22 23 23 23 22 22 21 22 22 22 
22 23 23 23 23 24 26 30 31 32 32 32 31 29 24 23 22 22 23 22 22 22 23 23 23 22 22 23 22 22 23 22 
23 23 22 23 22 24 27 30 31 32 32 32 32 28 24 23 22 22 23 22 22 23 23 22 22 23 23 23 22 23 22 21 
24 23 24 25 23 25 28 32 31 32 32 31 31 28 24 22 23 23 22 22 23 21 22 23 23 22 22 23 22 22 23 22 
23 23 24 24 25 25 30 31 31 31 31 31 31 29 24 22 22 23 22 23 22 23 22 22 22 22 22 23 22 22 22 22 
22 23 23 24 25 26 29 31 31 31 31 31 31 28 24 23 22 22 22 22 23 22 22 23 22 22 23 22 23 23 23 23 
22 23 24 23 25 25 27 30 32 31 31 32 31 27 23 22 23 23 23 24 23 23 22 23 23 22 22 22 22 22 23 22 
22 22 22 23 24 25 26 31 31 32 32 31 30 26 23 22 22 22 22 22 22 22 22 23 22 23 22 22 22 22 23 23 
23 23 23 24 23 24 26 30 31 32 31 31 27 24 22 22 22 22 22 23 22 23 22 23 22 22 23 22 22 22 22 22 
24 23 24 24 25 24 27 31 31 29 29 27 25 23 23 23 23 23 23 23 23 22 22 22 23 23 23 22 23 23 23 23 
23 25 25 25 27 28 30 32 31 28 27 27 25 22 22 22 22 23 23 24 23 23 22 23 23 23 22 22 23 22 22 23 
26 25 25 27 29 29 29 32 31 31 31 31 28 24 23 22 23 23 22 23 23 23 23 23 22 23 22 22 23 22 23 22 
27 27 27 28 28 28 30 27 27 27 28 28 29 30 29 27 24 26 27 24 22 22 22 22 21 23 23 23 21 22 21 22 
