22 22 21 22 22 23 22 21 22 22 22 22 22 22 22 23 22 22 22 22 22 22 22 22 22 21 22 22 22 22 21 22 
22 22 22 22 22 23 22 22 22 22 22 22 22 22 22 22 22 23 22 22 22 22 22 22 22 22 21 21 22 22 22 21 
22 22 23 22 22 23 22 23 23 22 22 22 22 22 23 23 22 22 21 23 22 21 21 22 22 22 22 22 22 22 23 22 
22 22 22 22 22 22 22 22 22 22 22 23 22 22 22 23 23 22 22 23 22 22 22 22 22 22 23 22 21 22 22 22 
22 22 22 22 23 22 23 22 22 22 22 23 22 23 22 23 22 22 22 22 22 22 22 22 22 21 22 22 22 22 21 22 
22 21 22 22 23 22 22 22 22 22 22 23 22 22 24 24 22 24 22 22 22 21 22 22 22 23 22 22 21 22 22 22 
22 22 22 22 21 22 22 23 22 23 23 22 24 26 27 26 25 23 23 22 22 21 21 22 22 22 22 22 22 22 23 22 
22 23 22 22 22 22 23 22 22 23 23 25 30 32 32 31 31 28 23 22 23 22 22 23 22 22 22 22 22 22 22 22 
22 22 22 23 22 22 22 22 22 22 23 29 31 31 32 32 32 31 27 23 22 22 23 22 22 22 22 22 22 22 22 23 
22 22 22 22 22 22 21 22 22 22 26 32 30 32 32 32 32 31 30 23 22 22 22 22 22 22 22 23 22 22 21 21 
22 22 22 22 22 22 21 22 23 23 28 31 31 32 32 31 32 32 30 26 22 22 22 23 22 22 23 22 22 22 23 23 
23 22 23 23 22 22 23 22 22 24 29 32 31 31 31 30 32 32 30 27 23 22 22 22 22 22 23 22 22 22 22 22 
22 22 23 22 23 23 23 22 22 24 30 31 31 31 31 30 31 31 31 26 23 22 22 22 22 22 22 23 22 22 22 22 
23 23 22 22 22 22 22 22 23 26 31 30 31 31 31 31 32 32 31 26 23 22 22 22 22 22 22 22 22 22 22 21 
22 22 22 22 22 22 21 23 23 27 31 31 31 31 32 30 31 32 31 27 24 22 22 22 21 22 22 22 22 22 22 22 
22 22 22 22 22 22 22 22 22 25 30 32 31 32 32 32 32 32 30 27 23 23 23 22 22 23 22 22 22 22 22 22 
22 22 22 22 22 22 22 22 22 23 28 30 30 30 32 32 32 31 29 25 23 22 22 22 23 22 22 22 23 23 22 22 
22 23 22 22 22 22 22 23 23 23 26 32 31 29 30 29 30 30 26 23 23 22 22 23 23 22 22 22 23 22 22 22 
22 22 21 22 22 22 22 22 23 24 27 32 30 27 26 26 27 28 25 22 22 22 23 23 22 22 22 22 23 22 22 22 
23 22 22 22 22 22 23 22 23 24 28 32 31 30 28 27 28 29 25 23 23 22 22 22 23 22 22 22 22 22 22 23 
22 22 22 22 22 23 22 23 24 27 30 31 32 32 32 31 32 30 26 22 22 22 22 22 22 22 22 22 23 23 23 22 
22 23 23 25 25 26 25 25 28 29 30 31 33 32 32 32 32 32 30 26 24 22 22 23 22 22 22 22 24 23 22 22 
22 23 25 26 26 26 26 26 29 30 30 31 32 31 32 31 32 32 32 30 26 23 23 22 22 23 22 22 23 22 22 22 
27 26 27 27 26 27 28 28 29 28 28 28 27 28 28 28 28 29 30 29 30 29 26 26 25 27 26 26 25 24 23 23 
