22 21 22 22 23 23 22 22 22 22 22 21 21 23 22 23 22 21 23 23 22 22 22 22 23 22 22 22 21 21 20 21 
22 22 22 22 21 22 22 21 22 22 22 22 22 22 22 22 22 22 23 22 21 22 22 22 21 21 22 22 22 22 21 19 
22 22 23 23 21 23 22 22 22 22 22 22 22 22 22 22 22 23 23 23 23 22 22 21 22 22 23 22 22 21 21 22 
21 22 22 22 22 22 22 22 22 22 22 22 22 23 22 22 22 22 22 22 22 22 22 22 22 21 22 22 21 21 22 22 
22 22 21 22 22 22 22 22 22 22 22 22 21 22 22 22 22 21 22 22 22 21 23 22 22 22 22 22 21 21 21 21 
22 22 22 22 22 22 22 21 22 22 22 21 22 22 22 22 22 23 22 22 21 23 22 22 21 22 22 23 22 22 22 21 
22 22 22 22 21 22 22 23 22 22 22 22 22 22 22 22 22 22 23 22 22 22 22 21 22 22 23 22 22 22 22 22 
23 21 21 22 22 21 22 21 22 21 23 22 22 22 22 22 22 22 22 22 22 22 22 22 22 21 22 22 21 22 22 22 
22 22 22 22 22 22 22 21 22 22 22 22 22 22 23 22 22 22 22 23 22 22 22 22 22 22 22 22 22 22 22 22 
23 22 22 22 22 22 22 23 22 22 22 22 21 22 22 22 22 22 23 22 22 22 22 22 22 22 22 22 22 22 22 20 
23 22 22 22 21 22 22 23 22 22 22 22 22 22 23 22 22 22 22 22 22 22 22 21 22 22 22 22 23 21 22 22 
22 22 22 23 22 21 23 22 22 22 21 22 22 22 22 22 22 22 21 22 22 22 22 22 22 23 22 23 22 22 22 22 
22 22 22 22 22 22 22 22 22 22 22 21 22 23 22 22 22 22 22 22 22 22 22 23 23 22 22 22 22 22 22 22 
22 21 22 22 22 22 22 21 22 22 22 22 22 21 22 22 22 23 22 22 21 22 22 22 22 21 22 22 22 22 22 20 
22 22 22 22 22 22 22 23 22 23 23 22 22 22 23 22 22 22 23 22 23 22 22 22 22 21 22 22 22 22 22 22 
22 22 22 23 22 22 22 22 23 23 24 24 22 22 22 22 21 22 22 22 22 22 22 22 22 22 22 22 22 22 22 22 
22 22 22 22 22 22 22 24 27 29 30 29 26 23 23 22 22 22 22 22 22 23 22 22 22 22 21 22 22 22 23 22 
22 22 23 22 22 22 23 28 32 32 32 31 31 26 23 22 22 23 22 23 22 22 23 22 22 22 22 22 22 22 22 23 
22 22 21 22 23 22 24 29 31 31 32 31 30 27 23 21 22 22 22 22 22 22 22 22 22 22 22 22 22 23 22 23 
22 22 22 22 22 23 26 30 30 31 31 32 31 27 24 22 22 22 22 22 22 23 22 22 21 22 22 23 22 22 22 22 
22 23 22 22 23 23 27 30 31 31 31 31 31 29 23 22 22 22 22 23 22 22 22 22 22 22 22 23 23 23 23 22 
23 23 23 22 23 24 28 31 31 32 30 30 32 28 24 23 22 23 22 23 22 23 22 22 22 23 22 22 23 23 22 23 
22 22 22 23 23 25 26 30 31 31 32 31 31 27 23 22 22 22 22 22 22 22 22 22 22 23 22 22 22 22 23 22 
26 27 26 27 27 28 29 28 28 28 29 29 28 26 26 26 26 26 25 22 22 22 22 22 21 22 21 23 24 23 23 22 
