22 22 22 23 23 22 23 22 22 23 22 22 22 24 22 23 23 22 23 22 23 22 22 22 22 22 23 23 22 22 21 22 
22 23 22 22 22 22 22 22 22 22 22 23 22 23 23 23 22 22 22 22 22 22 22 22 21 23 22 22 22 22 22 21 
22 22 23 23 22 23 22 24 23 23 22 22 22 23 23 22 22 23 23 22 22 22 22 22 22 23 22 23 22 22 22 22 
22 23 22 23 22 22 22 22 22 22 23 23 22 22 23 23 23 22 21 22 23 23 22 23 23 22 23 23 22 22 22 23 
22 22 22 23 22 22 23 22 22 22 22 22 22 23 22 22 22 22 23 22 23 22 22 22 22 22 22 23 22 23 22 23 
22 22 22 22 22 22 22 22 22 23 22 22 22 22 21 23 23 22 22 22 22 22 22 22 21 24 22 23 22 22 22 21 
23 23 22 24 21 22 22 24 22 22 23 22 22 23 23 23 22 23 22 22 22 22 22 22 22 23 22 23 22 22 22 22 
23 22 22 23 23 22 23 21 23 22 23 23 21 22 23 23 22 22 22 23 23 22 22 22 22 22 22 22 22 22 22 22 
24 24 24 24 24 23 23 22 22 23 22 23 24 23 22 23 22 22 22 22 22 22 23 22 22 22 22 23 22 21 22 23 
24 24 24 24 24 24 23 23 22 22 22 22 22 23 22 22 23 22 22 22 22 22 22 23 21 23 22 22 22 22 22 21 
24 24 24 25 24 24 24 23 22 22 22 22 22 23 23 22 22 23 23 22 22 22 22 23 22 23 22 22 22 22 23 22 
25 24 25 25 24 24 24 23 23 23 23 22 22 22 23 22 23 22 22 23 22 22 22 22 22 22 22 23 22 22 23 22 
24 25 24 24 24 24 23 22 22 22 23 23 22 22 22 22 23 22 22 22 23 22 22 22 22 23 22 23 22 23 22 22 
24 25 24 24 24 24 22 22 22 22 22 22 21 22 23 22 22 22 22 22 22 22 22 22 22 23 23 23 22 23 22 21 
25 25 25 25 24 25 22 24 22 23 23 22 22 22 22 23 22 22 23 23 23 22 22 22 22 22 24 23 22 22 22 23 
25 25 24 24 24 24 22 22 23 22 22 23 22 23 23 22 22 22 22 23 22 22 22 22 22 22 22 23 22 23 22 22 
25 25 24 24 24 24 23 22 22 22 23 22 22 23 23 23 22 23 22 22 22 22 22 22 23 23 23 22 23 23 23 24 
24 25 24 23 24 23 22 22 23 23 22 22 24 22 22 22 23 23 22 23 22 23 23 23 23 23 22 21 23 22 22 22 
25 25 24 24 24 23 23 22 22 23 24 22 23 23 23 22 23 22 23 23 22 22 22 22 22 23 22 22 23 23 23 22 
26 25 24 24 24 24 23 23 22 23 22 23 22 23 23 23 22 22 23 22 23 23 23 22 22 23 23 22 22 22 21 22 
27 26 26 24 25 24 26 24 23 23 22 22 22 22 22 23 23 22 22 23 23 23 23 22 22 22 23 23 23 22 23 23 
26 27 27 26 25 25 26 26 25 24 23 23 23 23 23 22 23 23 23 23 22 23 22 23 23 22 22 22 22 23 22 23 
28 27 27 27 26 26 26 26 25 25 24 23 23 23 23 22 23 22 22 23 23 22 23 22 22 23 23 22 23 22 23 23 
29 29 28 28 27 28 28 27 27 27 26 26 26 26 25 25 23 25 25 23 23 22 22 21 21 23 22 23 22 22 20 22 
