22 22 22 23 23 23 23 22 22 22 23 23 23 23 23 23 23 22 23 22 22 22 23 22 22 23 21 22 21 22 22 22 
22 22 22 22 22 22 22 22 23 22 23 23 23 22 22 23 23 23 22 22 21 23 22 23 21 24 22 22 22 23 22 22 
23 22 22 23 22 22 22 23 22 23 23 22 23 22 23 22 22 23 23 22 23 22 22 22 22 22 22 22 22 22 22 22 
22 23 21 22 23 23 23 22 22 22 23 23 22 23 23 23 22 23 22 24 23 23 22 23 22 22 23 23 22 21 22 23 
23 22 22 22 23 22 22 22 22 23 22 22 22 22 22 23 22 22 23 22 23 22 23 22 22 22 22 23 21 22 22 22 
22 23 22 22 22 22 22 22 22 22 22 23 23 22 22 23 23 22 23 22 22 22 22 22 22 23 22 22 22 22 22 22 
23 22 22 23 21 23 22 23 22 22 23 22 22 23 22 22 23 22 23 22 22 22 22 22 22 22 22 23 23 22 22 22 
23 23 21 23 23 23 23 22 23 22 23 23 22 22 23 23 23 22 22 23 23 23 23 22 21 22 23 23 22 22 23 22 
22 23 22 22 22 22 23 23 22 23 23 23 23 23 22 23 22 22 23 23 22 22 22 22 22 22 22 23 22 22 21 22 
22 22 23 23 22 22 23 23 24 25 25 25 24 24 23 23 23 23 22 23 23 22 22 23 22 22 22 23 23 22 22 21 
22 23 23 23 22 24 24 25 26 27 27 26 25 25 24 23 22 22 23 22 22 22 23 22 22 23 23 22 22 22 22 22 
22 23 22 23 23 24 26 29 31 31 30 28 26 25 25 23 23 23 22 23 22 22 22 23 22 23 23 23 22 22 23 23 
23 23 22 23 24 25 29 31 31 32 31 28 26 25 23 23 23 22 23 22 22 22 23 22 23 23 22 24 23 23 22 21 
22 22 23 23 23 25 30 30 32 32 32 31 27 25 24 22 22 23 23 22 22 22 22 22 23 23 22 23 22 23 22 21 
22 22 23 24 23 28 30 32 32 32 31 31 28 25 24 22 23 23 23 22 22 22 22 22 22 22 23 24 22 22 22 22 
22 22 22 24 24 28 31 31 31 31 32 31 27 24 24 22 22 22 22 23 22 22 22 23 22 23 22 23 22 22 23 23 
23 22 23 23 25 28 30 31 30 31 32 30 26 25 24 22 23 23 23 23 22 23 22 23 23 23 22 23 22 23 22 22 
23 24 23 23 24 28 29 31 32 31 31 30 27 24 22 22 23 23 22 22 23 22 23 23 23 23 22 22 23 22 23 23 
22 22 23 23 23 25 29 32 31 31 32 29 24 23 22 22 22 22 22 22 22 23 23 23 22 22 23 22 22 23 23 23 
22 22 22 23 24 26 29 31 30 31 30 27 24 23 23 23 22 23 23 22 23 22 23 22 22 22 23 22 23 23 22 23 
23 23 22 23 24 25 29 28 28 28 29 25 24 24 22 23 23 22 23 23 23 22 22 23 23 23 23 23 22 23 23 23 
22 23 24 23 25 28 31 30 30 31 31 26 26 24 22 23 23 24 23 22 22 23 23 22 23 23 22 22 22 22 23 22 
23 22 24 25 27 28 31 31 32 32 32 30 28 25 23 22 22 22 23 23 23 22 22 22 22 23 22 22 23 22 23 23 
29 27 27 28 29 29 28 27 28 29 30 30 30 30 28 27 25 27 28 26 24 24 22 22 22 22 23 22 21 22 21 22 
