22 21 22 22 23 22 22 21 22 22 22 22 22 22 22 22 22 21 23 22 22 22 22 22 22 22 21 22 21 21 21 22 
22 23 22 22 22 22 22 22 22 22 22 23 22 22 22 24 22 22 22 22 21 22 22 22 22 22 22 21 22 22 21 21 
22 22 22 22 22 22 21 23 22 23 22 23 22 22 22 22 23 23 23 22 23 22 21 23 22 22 22 22 22 22 22 22 
23 23 22 23 22 22 23 22 22 23 23 22 22 22 23 23 23 23 22 22 23 23 22 22 22 22 22 22 22 23 22 22 
22 22 23 22 23 22 22 21 22 22 22 22 22 22 22 22 22 22 22 22 22 22 22 22 22 21 22 23 22 22 22 21 
22 22 22 22 21 22 22 22 22 22 22 22 22 22 22 22 22 23 23 22 21 22 22 22 21 22 22 22 22 21 22 22 
22 22 22 22 22 22 22 22 22 22 23 22 22 22 23 22 23 22 22 22 22 21 22 22 21 22 22 22 21 22 21 23 
23 22 23 23 22 22 23 21 22 22 23 23 23 22 22 22 23 23 22 22 22 22 23 22 22 22 22 23 22 22 22 22 
22 22 22 22 23 23 22 22 22 22 23 22 22 22 22 22 22 22 23 22 22 21 22 22 22 21 22 22 22 22 22 22 
22 22 23 22 22 22 23 22 23 22 23 22 22 22 22 23 22 22 23 22 22 22 22 22 22 22 22 23 22 21 22 22 
23 22 23 22 21 23 22 24 22 22 23 24 25 25 25 23 23 23 22 22 23 22 22 22 22 23 23 22 22 22 21 21 
23 23 23 22 22 22 24 22 23 22 26 27 28 29 30 29 27 25 23 23 23 22 23 22 22 22 22 22 22 22 22 22 
22 22 22 22 22 22 22 21 22 24 28 29 29 30 32 30 28 25 25 23 22 22 23 22 23 21 22 22 22 22 22 21 
22 22 22 23 22 22 22 22 23 25 28 29 30 30 32 32 30 26 25 23 23 22 22 22 22 22 22 22 22 22 22 22 
22 21 23 22 21 23 22 23 24 26 28 29 31 31 31 32 30 28 26 24 23 22 22 22 21 22 22 22 22 22 22 22 
22 22 22 23 22 22 22 23 24 27 29 30 31 31 31 32 30 28 25 25 23 22 23 22 23 22 22 22 22 23 23 23 
22 23 22 22 21 22 23 22 24 28 29 30 31 30 30 31 31 27 25 24 23 23 23 22 23 22 22 22 22 22 22 22 
23 22 23 22 23 22 22 22 25 28 29 30 32 32 31 31 31 28 25 24 24 22 22 22 22 22 22 22 22 22 22 22 
22 22 22 22 23 23 22 22 23 25 29 30 31 32 31 31 30 27 24 24 23 23 23 22 22 23 22 22 23 22 22 22 
22 23 22 22 22 23 23 22 23 25 28 29 30 30 30 30 28 26 26 24 23 23 22 22 21 22 22 22 22 23 21 23 
22 22 22 22 22 22 23 22 22 25 28 28 28 28 28 28 28 25 25 24 22 22 22 22 22 23 22 22 23 22 23 22 
23 22 23 22 23 23 22 23 23 26 28 30 30 29 28 27 27 24 24 23 22 23 22 22 23 23 22 22 23 22 22 23 
23 22 23 22 22 23 23 24 25 26 30 30 32 32 31 30 29 26 24 23 23 22 23 22 22 22 23 21 23 22 22 22 
23 25 25 26 26 27 27 26 27 27 29 28 28 27 27 27 28 29 30 29 28 25 26 24 25 23 23 23 22 22 21 21 
