22 22 23 23 23 23 23 22 22 22 22 23 22 23 23 23 23 23 23 23 23 22 23 22 23 23 22 23 23 22 21 21 
22 23 22 23 22 23 22 22 23 22 22 23 22 22 23 23 23 23 23 22 22 22 21 22 22 24 22 23 22 22 22 22 
24 23 23 22 22 23 22 23 22 22 23 22 22 23 22 22 23 22 23 22 23 21 22 23 23 23 22 22 22 21 22 23 
23 23 22 23 23 23 24 22 23 23 22 23 22 22 22 23 23 22 23 23 22 23 23 22 22 22 23 23 22 22 22 23 
22 22 22 23 23 22 23 22 22 22 22 22 22 22 22 22 23 22 23 23 23 22 23 22 22 22 22 23 23 22 22 22 
23 22 22 23 22 22 23 22 22 22 23 23 22 23 22 23 22 22 23 22 22 23 22 22 22 23 22 23 23 22 22 21 
23 22 22 23 22 23 21 23 23 22 23 22 23 23 22 22 23 22 22 22 22 22 22 23 22 23 22 22 22 23 24 23 
23 23 22 22 23 23 22 23 23 23 23 23 22 23 22 23 23 23 23 23 23 22 22 23 23 23 22 23 22 22 23 22 
23 23 23 23 23 23 24 22 23 23 23 23 22 23 22 23 22 23 22 23 23 21 23 23 23 23 23 23 22 23 22 23 
23 22 22 23 22 22 22 23 24 25 27 28 28 24 22 22 23 23 23 22 22 23 22 22 22 24 22 22 22 23 22 22 
23 23 23 22 22 23 22 25 27 32 32 31 32 30 25 22 22 23 23 22 23 22 22 23 22 22 24 22 22 22 23 23 
23 23 22 23 22 23 24 25 32 31 32 33 32 32 28 23 23 23 22 23 22 23 22 23 23 22 23 23 22 22 23 22 
22 22 23 23 24 23 24 27 31 31 32 32 32 32 29 24 23 22 23 23 22 22 23 23 22 23 23 23 23 22 23 23 
22 24 22 23 22 23 23 29 32 31 32 31 32 31 30 25 23 22 23 22 22 23 22 22 22 24 22 23 22 22 22 22 
23 23 23 22 22 23 24 31 32 32 32 31 32 32 29 23 23 23 23 22 23 22 22 23 22 22 23 23 22 22 22 23 
23 23 23 23 23 23 26 31 31 32 32 31 32 32 29 24 23 23 23 23 22 22 23 23 23 23 23 22 22 22 22 23 
23 23 23 22 23 23 25 30 31 31 31 31 32 31 28 23 23 23 23 23 23 22 22 22 23 23 22 22 23 23 22 22 
22 23 23 22 23 23 24 27 32 32 32 32 32 31 26 23 23 23 22 23 22 22 22 23 23 22 22 21 23 22 22 23 
23 22 22 23 23 23 24 28 32 31 32 31 31 30 24 22 22 22 22 23 22 23 23 23 23 23 22 22 23 22 23 23 
23 23 21 22 22 23 25 27 32 28 29 29 28 26 23 23 22 22 23 22 23 23 22 22 22 22 23 22 22 22 22 22 
22 23 23 23 24 25 26 29 32 31 28 27 28 25 23 23 23 23 23 23 23 23 23 23 24 23 22 23 22 23 23 23 
23 25 25 25 28 30 30 32 32 32 31 32 31 25 22 22 23 24 23 23 23 23 23 23 23 23 22 23 22 23 22 23 
25 25 26 28 30 29 29 31 32 32 33 32 32 28 24 22 23 23 22 23 22 22 23 23 22 23 22 22 23 23 22 22 
29 28 28 29 29 28 28 28 28 27 28 29 29 30 31 27 25 26 27 25 23 22 23 21 22 22 22 22 22 23 21 21 
